7746
124260
13454
28703
5587
5994675
33879
1764049
2012684
56770
996147
10696
7409
55716
20517
133003
29269
42068
15550735
9454
863392
27347
67372
18433
30092
1170402
13685
10368
478
30130
20051
9253
16388
518065
449164
85913
1810789
35185
81160
4515582
11228
40370
13723
8281
12468636
15841
4140
34873
22351
10843778
2329039
19992
67645
5686
3981612
409788
1153
742555
284803
17222
5543
213394
133719
10100
2251
39181
275065
40867
19419
130605
5802
22442
341819
27656
30768
667999
22967
57659
41338
15199
28273
343782
64457
26676
30669
23448
58845
3408
11026
29749
181623
43369
219063
1887940
31533
31789
39800
132502
188962
22082
766668
46600
369734
143951
77206
12440
6279
41507
28452
98854
34400
144447
362643
2307002
10805
43333
327565
33298
106557
56394
634955
58311
450390
31022
583093
1995845
6307
43976
19698
127891
553798
139254
3640486
757757
710031
13891
1371600
16743
7400
2004374
2361352
1503100
12347
7932
3387664
1240649
12461
2235361
3566
79070
58420
3897
1514528
29486
1642
34974
803769
41008
350006
552960
105585
1564524
10946
22084
38500
44474
11467
299949
2019833
170862
54392
23829
72645
22884
8646
73241
4712
5002693
25227
43429
22886
45577
15822
106536
63120
73639
863
146406
25555
23541
61411
37133
1317426
3888360
847718
135540
1322562
6550
38165
9965967
42710
47989
20878
80182
3083
33425
32502
366956
5027685
10680
1261683
370287
8969
172059
1367627
2130727
107795
5408982
12619
14901
47498
37197
15119
16115
487016
5091
20717
408900
189809
175077
15487
33128
47035
0
6157
2982
1709
13661
16059
4726
994873
619926
2781
32794
10216
5401993
66339
371799
147342
1324
26425
940320
68786
19109
21993355
17553
38099
45813
124504
989
22240
43393
31572
0
93442
231718
1904452
7694
153184
19413
91528
429
147319
1420
28891
28840
762991
115616
12768
61571
22851
42913
380799
2056116
84115
15919
23463
65824
2195
14467
17667
283298
7412
203758
21211
471477
303107
22402
45109
4153
89553
1253866
102335
15368
45192
353671
19084
71276
60906
428253
87514
52408
16517
20256
41643
49554
20506
10222
16356
9881
54753
18872468
6450
14382
9954
32845
16473
350856
9137710
8086
0
31393
6211431
9207
312561
526644
27159
20967
38919
29259
37360
32802958
83953
6095
506140
42896
34537
23636
680950
17268
14308
483660
30775
37502
46997
9180
22404
1224640
102416
31034711
124314
12080
60894
40425
2549
1766327
443
596995
149655
25224
17486
26251
42486
23100
66
26914
17159
28151
163067
64004
180945
14043
5513
2762855
40743
72001
21479
4173
429170
62139
10273
48113
1379452
18840
46507
7673
40836
48833
3363
82860
12071
7183895
55325
131924034
8587
10141
64499
136322
2649
19722
43735
10518
2013203
88461
18880
22456
23347
17100
672577
23497
89234
270048
450489
4679
55733
61258
326477
204123
106578
14781
40937
46015
13987
6467970
1030
3869287
44594
57838
6785
64360
923486
51495
12602
25287
30711
51081
541893
418
644185
18879
56479
23697
46661
2875011
530018
25687
14326
299049
88253
20189
122238
2448912
8817
1312458
45470
3014473
6772434
27294
362528
25364
19166
3891
91772
68542
187607
2486257
5884
149696
254967
16179
82132
19762
41095
155506
73051
25105
11100453
5202
19762
44493
3981
1963950
19590
19937
163487
32489
0
37920
468389
21160
41732
21046
92943
26309
34615
471521
9858
25745
307030
1962098
46849
6695
83243
296799
72029
48216
87596
6620
13296
94435
1327
20792
472737
18756
8666
13780
38435
27911
3771156
35986
28660313
76168
151793
18662
5380
536968
3538018
51874
919617
62354
67063
48425
38521
1037
63929
48781
742646
6038
8079
79297
18760
103070
3388
50952
482535
52912
46352
8645
308483
13738
34092
68208
92688
2096
110396
2388
32416
0
46535
98906
79850
15377
74149
142456
46683
123231
1083803
87617
243833
35847
46735
15854
10182657
5778
35577
2087
1107556
32609
9969
18869
13559
3042
7535
65783
8274
24060
31629
36832
1701841
207144
15927
48263
350
10867
50411
4276876
3593
2074908
822953
2540642
86503
21507
61866
41555
32503
18985
24554
43015
18551
118262
239224
24836
225614
60931
4410
100370
27673
41454
87164
1322
61059
5275
35074
104796
1031814
116492
67681
7266
129684
12041
219793
5887
60458
623644
0
236467
211794
69136
324465
37762
354982
1685133
19975
12032
502535
27412
4300
148986
983
64449
562225
0
3755401
504708
33497
980
26226
27920
35305
877658
8986
16565
357683
398597
443248
1617837
0
14740
30170
62593
303
29268
29971
63612
18333
517628
297261
1544909
55665
9629
782251
5603544
6569669
261901
5773
61184
16927
41913
20771
57287
60704
11100
37197
3922845
23877
29660
348210
57583
98335
38772
39222
49894
177103
48840
19812
25616
22055
18675
366726
37868
86235
429580
19090
126617
22754
1987593
21351
28691
35787
13113
771239
102191
15520
7123
3014
24788
603502
35892
333396
228192
4713
38298
4094
1230
181743
613304
763379
31667
546081
37303
357317
1647049
126000
1136
427783
13734
75723
61739
31960
2492
64547
2320
10552
311638
25522
47648
18609
11948
8160
145754
77798
20585
6073
14966
2797
44202
56624
43326
668936
111349
55437
26711
307482
0
28369
21125
10447
25895
35247
5925
25139
350145
41394
2182
31048
115062
39023
363751
3480826
14421
13720
3043724
0
31048
1211
1471513
5060
16832
9241
39600
23073
78122
36182
263119
208929
73506
0
47027
32654
127635
23131
1725577
62500
25347
9874
18926
0
449141
834214
8890
1506419
36354
347
40567
25821
21886
292146
8875
12829
44030
413745
43639
178177
27856
35922
483223
8726
3166363
301250
287238
15098
966
96040
8014
32094
116463
1207744
21306
736315
91858
51376
14902
64838
96927
6732
7014
28202
30439
2755
36237
11171
2087
29095
183138
126208
315408
42020
47699
27773
55449
246
1469205
31608
1071096
461158
2379
32605
2732
5731593
1375523
1280
45213
28233
18779
14915
43478
21427
330
70712
444678
49738
6040552
1247457
55177
814228
2389393
88812
30211
278339
169116
169975
40750
39014
513425
51578
28211
69988
91626
30020
20006
36451
780640
158012
0
1678351
20334
2886
1219
36119
28734
39415
19384
63301
27070
18383
21576464
48686
314552
48792
39456
328107
4502
11048
2432520
18904
6266
29118
61733
1852523
498297
144031
22041
22866
30428
36706
42242
11107
26542
23618
26958
9454538
3741569
1805211
45737
35343
3373
2042913
10432
35535
3650504
59079
648895
1931378
34428
828116
927762
3191
366869
8876
20196
6853
29832
17127
4059
85439
122881
309545
14276
875908
18590
92421
2533
24807
23905
2307140
10159
316518
10781
22805
5638
222363
744436
28591
12869
33584
8852
411068
5224
10565
17063
167971
204474
31278
997065
381581
37385
116960
6607
73470
6535327
14595
21020
27232
10346
40987436
47005
53088
4296
2809696
44265
20437
6107
387165
8434
7328
88185
34564
71007
14259
1462956
105917
36305
825351
66837
117002
130565
524073
38318
8188
823892
1382
530199
9921
124164
9858
21138
6937
1922
47057
22107
12173
2385
22001
4289
6715
1983
190073
45446
7584072
441769
18757
6358
13116
26167
42358
774862
59989
33465
36960
74799
11855
1240
8508
900673
544826
68773
42230
10630
84530
23094
68744
898557
282391
23773
1378941
2926548
24855
5859439
1826308
458733
632795
28658
59182
55437
3020
113887
6611
92741
74476
43882
48759
37045
63465
85346
18005
481800
20195
17768
7773
28
28452
74210
44067
33169
465
15884431
23831
5170
21933
112850
17604
26010
210002
28758
91444
8484
409163
9289
26298193
32172
961842
67065
813111
12621
17156
10011
39596
327779
446751
39816
97957
5267358
45703
8135
19984
42721
4188
76989
48457
1816726
185387
6441780
253896
495430
0
46765
10599
40339
41622
8807364
22221
70218
50652
73971534
6995
5584
6213363
5719
4974
40352
25400002
291
282929
21120
5977
9296
7346
26964
26074
5746
67169
40058
22249
40720
35963
74745
122329
42736
25680
0
1577675
3837
15770
29071
227747
53594
111073
138960
656038
44299
10151
19767
10816
24149
19189
15009
80804494
49481
6334
16938
879886
36939
25044
128366
102
17694
165065
24437
902801
216848
42667
5895875
1239673
6461139
1990
12057
44
175558
0
11241
27793
166208
118611
7411
41749
19483
181065
47191
53116
3615
17193
10205
20785
69822
6260
325499
326054
41916
139132
45515
20006
831137
5628
117388
308499
261379
13478
851
21866
3606660
45943
400
324439
32986
6216
224923
1786
20047
2660857
12440
5655
49673
20021
505735
11395
5870
66870
1303402
2382505
3110
7473683
23050
10809
38807
4758
29895
65063
25283
339212
17702
2465
26740
2691405
2625
34809
5538
10850
18328
6611
14044
525452
23592
557499
119660
1075547
122551
2091690
948359
0
78434
26179
22941
1176033
62497
24636
28860
4356
150826
1886
23508
2321986
58252
49395
4290712
22730
32164
24322
1313184
0
6259
10452
196168
577414
1408648
60596
4997
5058
228323
522868
6689
1326163
45475
66811
28504
19308
3098039
4436
85712
13590
4704
16311
16189
10491
507033
10475
427524
55161
25142
45067
51905
11614
78192
91507
252351
169498
41495
76389
15914
382635
25317
5272
26800
0
44397
48341
18245
63860
15205
8681
12971
30557
3989
43266
3114
46682
12936276
9069
77046
34094
132137
383279
60440
4647
1051149
14356
25468
133533
367026
44463
31716
45883
203313
18759
8868
66406
289132
37286
15571
9003
38995
369253
2088699
62807
54370
101
17977
39573
87670
28076
19110
27127
908397
36367
1382864
13273
90805
33411
2516968
661463
1437963
16073
11252
207803
62468
703633
11958
35707
24339
81904
118707
24895
2924221
33255
64312
25141
135275
30412
30438
11361
18038
91581
1280696
17915
20640
2736869
9490
66964
91537
1227
188124
360374
168712
349116
61500
84636
6640
1411803
12779
378903
3071
6177
2100780
15448
634294
7919
21177736
5747
247662
9493
200524
41926
534305
10117
11780
60262
902864
27717
37750
8316
1564392
15381
477210
28203
544563
109642
7532602
29298
163240
309890
9508
116102
10932
3577
42247
45552
104355
133343
27960
991490
15086
43031
33900
3868744
70549
4305
18668
272476
77909
10093
104348
2975
50950
74170
265322
0
8360
32057
4179
441708
1634395
1796631
37649
28488
14964
86718
17723
803991
62209
1344839
69865
15322
9874
328450
126437
30006
41569
15762
11837
1111290
41880
14982
41009
49142
43654
9352100
256553
11471
333655
62342
3917156
15234
14769
6055
45027
37759
34564
32640
259572
23204
16443
851108
202932
4752
1801830
1392438
51236
1796736
276048
1967273
128298
59057
0
49957
3816610
332602
12811
39250
45106
44122
246781
292135
385464
1129875
2172
17824
1309923
12661
69242
23778
9957
2210360
16813465
3293656
4486806
0
102331
27087920
6072
696410
8694
148973
20880
35476
811461
25600
6500
457379
19216
59673
20735364
103144
529811
39589
6002
274554
497651
63406
14387
46119
0
150676
19538
42419
509762
21807
34129
29904
9034
494194
233714
522400
36831
441738
377215
17755
41113
98022
740794
4302
35489
36092
6055947
39177
38921054
584989
59523
32628
6218939
1998
167
909868
33862
1319096
14828
59006
22973
3989783
39237
2009
98726
398993
34763
1977
297516
9431
11370
652903
43271
22814
0
45213
25681
39698
23745
72745
57903
129324
46365
19804
41673
28443
16849
227674
28133
21500
5718910
7346
4116397
39788
11243
0
39149
7609199
1870701
32456192
11044
6182
0
8972
18125
38830
13211
27647
48926
33937
143126
103378
405568
1673253
20490
140666
30277
11270
30071
16755
22721
46294
5091538
12077
9231
23341
15145
783679
86621
93250
788049
6287
190443
380310
424831
13309
58115
4224630
4899036
42942
35601
2816900
18138
834004
254452
21613
47343
57966
13752716
29651
29520
17613
1950
102476
791772
19248
841486
17811
208304
69627
20159
60731
112926
2025338
29088
1786920
44855
39521
1758
221086
0
13414
23402
690104
1104925
18242
114841
46413
0
40794
6856
1600793
1617741
622687
289016
23248
3294
79737
32264
33627
53759
178788
7874
21218
101914
825219
28328
47589
3493
9258
15118
461318
56663
525715
31211
125398
8609
4591699
896253
277377
1575
8828
17023
278077
737922
42921
75097
17429
4229004
2012846
135706
1155637
74602
21348
22961
29337
1565011
119517
14084
12364
805782
16708
7754
672795
812272
17464
29583
8655
44555
47086
445091
28088
121910
11122
13238
7712
2055940
34722
5708223
1547012
6769
24274
701
66649
23341
5774
46470
633440
14140
2165220
51357
59575
729700
92766
6787
2027141
35550
1523
2075
11694409
14410
22727
11455446
15501
1389715
845030
2867501
61040
162956
1075244
2508873
9429
196084
20355
408671
30851
106144
12373
46188
40508
163999
11926
21256
23254
4520
69011
23400
369206
49897
16244668
19108
35573
299183
3972
19999
696495
54045
48423
67536
32627
46116
714895
58061
6261
37031
1093
7225
2384187
571949
11183
11680
36716
1136636
192983
31577
20430
14838
110514
107059
31578
15967
29002
1210216
71387
166626
2780770
35975
10247
10535277
7932
2808009
30705
540077
141459
27776
913983
310672
18815
110770
0
20555
21393
294506
12811
38534
41674
62109
53
6078
12214846
71528
2350003
1857245
39619
4311
4680648
244207
31496
14012
39014
28342
783899
2893
539984
96145
18188
42467
46351
47024
73234
127598
23220
572686
165846
1270795
3042
44732
20163
132823
105418
23219
321373
24694
4183
71895
18734
47160
334333
29293
33117
12494
16672
96080
549425
2435437
66866
1055502
608936
220348
41095
97528
2157
8198
2506
10212
8491263
46193
187609
83213
746092
19110
7061
492157
8966
1085773
5227
17585
1805102
181484
1215433
246222
35095
0
751554
3414820
93684
11779
161188
6616375
24997
34377
3917968
96140
4006400
32779
13570
22712
29338
45056
4750
7051
1310969
24871
22362
278431
92084
18278
1577324
15298
44640
987835
0
0
121196
39965
15499
4941
40680
12386
5346
44996
42117
468
417813
206026
6368
30186
696563
48519
225850
118690
4520424
48258
0
33895
2547
26941
18403
9891
951722
16768
91245
21727
31781
7751
9501
9070
54863
34252
74893
4941
24272
45695
72699
8871
179870
16158
4715252
58905
309561
703
201041
336
1145073
47949
944572
47445
9207
1989402
4253
23008
55725
34888
7007
26827
38243
6531263
293665
31547
471407
55684559
19039
67212
57987
7782
23917
579990
15817
45406
875243
1411
2164098
110199
6235651
8005
1494164
7026
5612
183651
402
12891
20445
55507
29195
44457
44994
4586
42115
0
158044
1277311
53269
2247328
403489
32231
70864
483107
60467
6194346
33904
412318
33846
3977
370704
843
44354
15034
723
6873
26257
11078
80834
1028047
322507
15520
8957
36640
1435670
1363164
39379
20695
22085
22525
67843
28263
26144
520436
0
8506
74280
46871
109448
394371
123940
62684
27657
37247
18605
38070
65219
29621
28574
1825041
21374628
1461672
984313
1116300
357
38156
346290
6493
17326
22115
21601
18475
28670
376
14408
374341
15448
7820
94540
17539
6648
187003
2407139
31183
36842
5757
12898
252637
16184
64652
23318
30005
31310
207411
44376
244804
144001
590343
5477216
35668
1468167
39575
8795
182646
8116
10775826
32619
51777
1762332
29323
3086
7822
238507
141136
551103
263594
55835
33521
749252
7269
25366
13287020
3047212
1833737
27792
3104377
28273
1702770
302378
33681
42555218
165824
74103
2446
114434
2431262
75035
44704
13874
114579
96426
54876
99022
216297
22104
3882
1089749
109493
76912
5756
88867
815087
4736248
52076
19731
10943
1779
951318
3279033
3813
14282
0
5121
901606
92730
3266886
17435
31456
1477319
1063
39062
1345955
86908
141556
1279
874
28878
537820
9719
16425
16147
5024
48315
59427
8170
2859
1175675
97295
466880
25093
15981
1799744
13000
4004
2756404
37620
14814
37462
184513
37261
36948
91606
176935
41239
22932
3300
25978
185293
48336
54753
30786
53759
46700
20340
473782
14630
88699268
16850
4599
59695
1081533
78982
30536
117003
35495
21656
66498
46286
30918
259
25518
34787
169414
33551
32523
68940
870014
96756
82037
483723
512218
6091
17094
78522
48965
17145
1242736
313999
16284
2694802
102682
23593
52526
94289
48062
413327
19142
4749
23410
5429
340842
6311
213743
3850264
2238305
21697
47837
46638
1317504
44522
7382
97710
1252778
196177
39887
306290
50033
12821
31709
32520
3031519
0
37802
7096
20881
177260
10292
257744
1316443
47497
64984
9831
13338
3854393
3187
23531
20123
24081
32676
355990
32633
3279
2236
14872
36626
151816
22820
181269
6087024
695719
47142
54395
33939
21989
23549
21975
45299
75241
216006
69940
51168
3349
50555
53544
17262
44906
18465
147632
84574
2574
67427
32261
14820
52902
4118993
24884
4208
9311772
35005
3758052
845428
225696
7636
1295383
12693
31797
23315
46057
321328
33911
75593
1259756
1749780
367408
34777
1948
19457
35350
2687767
31961
17936
48230
102256
11806
352926
64548
23883
11412
1051359
781540
98805
12928
17131
1487143
10138071
205668
125898
647615
4763
373360
12881
6728
2504
78554
19786
37983
5761
32083
23761
29833
20823
4352
6632
37871
295758
8333411
1127519
2199123
229222
159195
29921
87905
776863
173426
2490596
109577
24476
34904
5108687
67505
32697
19122
303238
2514
81821
1995599
66916
13638
31600
45445
509438
120440
38130
9311
2378
239037
8831073
11230
8335
25971
920354
292276
31390
24822
624
20094
115578
17196
34227
1263537
438235
909659
1530394
4629
65756
2170795
22606
17269
1022715
182221
10065
0
30842
1683
45762
60955
50606
188204
46125
39336
77810
2136950
641708
17199
3145499
6995
1396489
24508
25593
51043
15439
12076
16176
3737
52185
92991
31211
688537
0
27922
14952
2453
23777
6994303
28659
185918
16345
246115
10179
3042153
2793
2462341
41962
1601919
12508970
13797
14453
111816
30150
66902
500280
53503
495571
34235
31038
265
87508
45211
367163
28478
2905
2530778
3717
44516
90901
42979
27554
20099
13027
16386
57645
27989
0
32476
32540
1740
14086795
1116
399905
46861
544
11404
20292
36006
31422
17680
27042
5651
11313
18823
24033
8172
35575
323997
530
16202
1576
22550
294954
113117
24825
2727583
169714
62295
18441
16123
18757
18844
1823640
74385
25662
16140
44874
18169
8361716
35480
102045
16560
76005
769362
1246
50425
26353
30534
39045
19963
9395
321328
208441
399182
16435
6406541
209091
217559
124135
50233
26698
18151797
7655037
7081719
414235
115601
0
9981
19719
9537
43385
945382
4452538
22421
114908
36400
19371
3610108
10954
37751
9189
894719
319259
41514
4467
4361589
225926
29179
3511
79747
33842
3096826
182793
45098
11117
67570
48178
4005
100899
6438
0
989473
2304724
7193
6621
17213
919530
28346
14387
3587
34160
42064
802107
234322
147901
78141
461812
809092
15019
43757
3535595
950171
49332
32527
71637
20380
803279
39621
737793
29516
60443
40499827
3774
112259
68486
239593
7986
11024
168638
8005
153430
47303
543290
8852
18574
120191
10788424
130553
2144591
45911
7321
5738
206386
1233664
7299
4357820
742174
88722
30166
17175
10570
8116
0
83861
190693
26933
305122
50535
116884
3246
31086
11165
1673180
16910
31064
317203
37439
37743
5175
23681
46660
55471
20714
2091
3708984
424699
10202
24801
44443
22356
1377454
46331
26789
53283
31977
49258
71675
30140
81507
75964
57965
2701
11406
11026399
38226
217440
16401
8325611
25359
1545998
83601
493839
4372686
2052693
301429
40381
238808
53059
36297
65482
340106
73933
13035
850992
290546
100729
3001620
43338
18916
28000
23884
36980
231983
81857
11717686
29271
1268209
1798
905971
28129
8627
976071
163205
3938068
25246
47620
9048341
251434
65898
32692
30604
31087
49380
39542
99228
13023
5158350
830
69261
4269
5494
10983
393852
1395
68571
35144
27454
184912
12573
25883
23884
17437
13080
17805
19567
8945
42473
128075
6212
47474
114187
27854
24140
8830
137363
987244
101181
288324
38107
62187
26079
60140
196596
29804
180759
717014
3436
72366
4446
13048
3295
29061
563315
20607
290372
4270914
34022
163598
2022146
15507
498
4275282
1021478
27401
32014
6813
19014
28280
132077
0
172018
856443
39807
4274
4952240
16316
51420
32937
20693
34150
91563
6415
24192
69894
9033
28490
18700
13167
11503
16433
57666
6936
10348
30379
7161
127877
35162
62395
340275
121846
35800
4274826
25477
2708
2282
459860
8661
12618
38402
95124
72673
308872
23511
17056
22220
67825
40380
831729
944757
1282136
12013
8571
31240
2100
1580
6660
35725
49879
30861
8272
7820
3024
143314
4220
5374
864558
33283
388571
4762
179366
464813
33476
6667718
27180
66259
128563
1402224
76929
47112
426706
1592084
2878
180
40233
40887
1027944
4465104
81912
92839
13829
36013
9053
39053
17591
7681
59636
41651
573248
45933
371623
13982
1950901
271978
1653790
45729
56286
48469
223354
12403
98055
99946
1801712
27009085
40087
26255
272246
84932
3564177
798116
17460159
80027
11080
64704
42371
66409
16859
1746627
952823
47876
11030
20454
120537
124563
7722
2035794
85755
18367
72769
19471
3480364
16326
9654
71444
989008
46272
828163
372963
61113
167498
34893
277868
479364
50576
418818
30060
1827
12306923
42751
15728
11297
36310
267519
24340
10469510
0
15623
81461
54776
67753
1117141
10087
49194
25711
2504
15275
90380
16187
212240
294205
34710
0
65896
33355
220766
468302
175468
102082
148532
1812856
20734
31223
46180
47518
767061
476060
162178
74581
254161
17226
321475
80109
10586
91405
70822
30159
28443
25143
13860
473742
48813
484039
32701
23945
67613
26875
41458
2680
135132
543
2536913
3364
153179
16926
455616
14361758
257870
5682099
3818268
44381
63331
5931
37705
41423
10639
925143
31295
42126
1716303
70772
3848
345447
23309
1478
37948
48595
19324
188865
22473
189352
0
60316
215304
164670
61831
506356
61051
9422
32229
523021
172584
831342
3858
52943
20989
109637
25087
56772
126742
12370
0
15124
25389
12706
556328
26149
8627145
41515
56938
816343
6870
44260
24966
33176
866283
156578
75148
224850
1015568
28069
1847199
628819
27816
1080228
15482
56304
1387923
119715
359268
358291
8761
79490299
322880
18541
3941605
294927
481791
21628
2331
10613
1602949
206801
59737
46547
5339
43190
12683
21236
4507
4698
503047
259360
6143
26747
39685
9303
39713
113877
8240
8304511
6825160
1296472
70682
23740
741453
27169
981436
1623927
108886
3383
109118
11278
10837203
63003
101255
1491113
35493
0
42359
255310
46719
26822
421923
232399
13474
21129
482
10126
49264
890274
2889
29125
663878
103598
7853
17559
49657
427594
37020
4809
46548
147493
21099
51903
43374
10878
20879
12408
67262
177979
663541
84529
17610
0
15943
23731
349949
128707
60995
184111
14608
17930
64280
7065767
6221
29256
60412
22875
1504832
6539
1476521
78674
72202
110450
362290
1325315
3800
357191
45562435
46096
63408
10934
56173
59556
11235
64852
12363
8440938
18318
47597
28748
10882
96796
424871
1352400
64034
210822
43593
13423
32696
882667
78949
28869
9266
48412
195038
152385
289005
1957597
10940
10304
16433
21809
134102
18895
59948
40153
26770
363164
6476
140952
50569
41527
315046
4385635
87786
467175
77354
41560
44557
99216
743832
10644694
90787
149880
180977
57544
109777
153570
19855
504574
14614
30477
14438
70578
5919
18667
70142
84613
118793
23225
4976
26364
30582
22413
36746
409940
5921
5488
145047
452040
2346039
15596
2509557
19641
44477
32384
71282
1747
3016
143435
244315
53701
144110
5863
8104
5383
61784
4271271
603854
18711
24072
9587
743224
15622
37889
128041
29396
799463
343845
2423
25268
53686
28925
5755988
144467
14914
1473
19301
10893
1347520
39051
302975
604176
57268
6236917
80142
545734
14575800
1310368
9211
293655
133185
50421
73122
1863474
73289
0
48572
34928
1472
24072
179648
74881
33635
9775
212417
45869
0
28953
0
2029528
345825
65685
25783
4854
15895
11788887
19744
44545
20318
48816
155659
62537
193785
20778
45277
4952
65634
4274
5358007
27651
12094
29903
5651
330479
401109
526041
118150
11349
736199
4602674
35812
28371
983344
14602168
33331
2618
45931
40826
20027
1891364
231762
24609
47523
4999
30123
24812
16545
488415
290391
18978
648897
12919
1388067
26023
19311
32737
790935
419611
22427
37376
17047
314562
1047645
2009
21484
26893
5854391
4774613
4884
67271
1855
220749
28872
6842
18531
97173
17924
58060
15146
1147
181369
50605
94243
46036
1191147
7579
264430
22975
1836
37123
101558
31615
11145
1271645
35835202
19700
1097059
454039
1038869
13620
45841
153869
191636
21775
991229
9794134
59833
6942
5069625
22204
46862
1723
296026
4625
59541
25444
45458
26799
606013
590253
54321
1583174
13185
21486
15363610
4739
386139
19985
21343
327814
40825
4883
33958
10460
106985
61348
18914
17170
23452
29087
43141
1566019
19919
24586
1260825
19842914
51960
32537
28993
1020
45862
38860
518922
13003
26959
126276
16971
101040
0
982498
892
47953
1224040
46092
13437
1129221
658
15128
327915
743143
19101
56762
11556659
1477990
189049
226074
18084
72439
92359
51702
2949
25908
824195
65299
639902
10649
20487
11375
22778
7399
40306
3517497
36931
129378184
46369
24416
1725077
32100
83662
9118
184002
1155012
101010
38697
40290
7560
24753
232937
10990
944412
6651
10059
222214
322936
28076
24152
5453
2245230
77076
13831
8928
2254254
6932
11850
12962960
16622
51249
392147
30743
65138
9084986
30786
156
213183
21699
149525
30254
1251054
378944
65036
41118
409900
70609
2234791
7898
41517
15391379
40623
12201
62054
35136
15704303
240482
101213
41631
14916
48569
106980
222983
5478
14158
380
353962
365813
46576
94571
234919
113098
15097
29604
21248
36028
10313
77089
1120197
36685
892
9119929
43865
17443
19055
69536
44373
9214
1081061
156388
32838
36447
70770
50983
28533
8344
1865
12728
4301
447058
256718
11258
64884
58076
16361
1810
4780
97741
5425
232424
4527
40593
43994
380290
45848
63905
9760
22450
34145
40611
817536
48091
236393
3066945
20785044
7808
946
14291
58346
23638
988390
98477
51709
328014
11948
475463
762829
29862
18856
101653
193904
21006
12345
220463
22403
44721
63688
7841
12069
4049
24378
34349
6537
1774508
3971
151281
21429
58619
1466771
17019
11055
97854
2753714
11454
9901
59735
877109
34018
1775
388784
0
31448
214950
156682
2305415
2877621
0
755023
5271
17931
25722
7430344
62759
367941
1486111
24723
140942
15068
24632
1135
3345
7681
9807
20205
15856
80691
916241
44357
188363
57386
17884965
28942
5791
16237
38894
2208
13528
4854
13904281
68753
0
27681
4479
76916
6339
11411885
893006
21352
13380
8347
14995
18760798
2656
17386
19596
0
1604505
150876
99748
75497
978835
47997
25731
14328
293938
359188
14375
10369976
64556
130901
22418
6142
6389307
1174233
5980583
46484
3276
0
60065
69735
1125210
476999
82845
232796
295088
13797
62514
61723
32820
316143
14505
1708555
45601
24766
42089
25480
10178427
36517
1744024
17583
760398
38372
19539
328173
284162
57010
44479
124145
51803
8542
58474
2157
5390
1376470
437530
25938
6006
658435
115819
23736
65267
21947
1243000
30556
124737
110370214
2785
22891
85851
630339
3301
62923
220711
186976
18456
120964
861
7588
26721
46885
593617
40856
18172
1570070
191790
256602
112987
26477
667897
40402
83605
3400
55382
176881
1724776
20907965
27916
36422
347284
135093
17233
4213
28866
14171
1694074
2024386
28417
3980
4255
33879
34862
32188
8234
22705
10112370
19299
2847
327162
33674
170274
36313
481857
946298
54967
12983
25005
21778
11915636
1828083
58773
111563
22344
16125
886
35510
28401
19055
66751
19441
40878
66781
48049
89826
16803
40503
489756
0
2288
914639
0
0
5212
5361
28207
18122
4212
20523
57452
32193
1171510
10577
42748
43710
2746703
53320
69153
539590
17062
63511
27905
336097
24396
30965
45097
17832
82892
30522
59958
3608348
9543
176718
47449
2397466
16812
5564
18004
16387
244324
62122
1763869
17658
748940
31777
217487
303830
2802
1026557
63772
33199
705461
165500
191264
87114
275875
126011
46870
16129
780210
134358
10411
7574
1634427
33864
339783
43801
538787
3843
316563
12211
15408
32232
160701
99391
586725
46923
267203
21253
48809
19282
58157
239728
77489
31395
11612
8510
16191
29647
3899389
1881290
44939
474885
707791
87900
26000
281145
58622
327
877946
1036427
53834
45744
53352
4413
2431552
215486
30270
861221
15153
5243
5798
17554
204920
8561
10222
48228
35612
157080
28906
48864
65287
4329274
25928
12702
95609
722508
34336
470492
86251397
193588
32885
29298
99187
48523
710161
2114787
51223
2608015
19173
15359
230914
33542
2551822
28106
222047
424031
19764
30811
1405983
1142637
763723
81616
61029
93930
2314872
81785
3908461
59931
4358
12635
23449
98549
14427
86138
328438
18521
24044
782288
67256
17120
178365
69656
82636
41710
32060
35182
27749
382800
5222
13145
77595
40388
247275
9232
98803
41058
766954
1753
13105036
625306
31040
999074
7014
71100
30137
242896
21218
26444738
40695
3848
92346
0
5507
2130
65655
6964
36102
2013511
29572
34741
97409
8650
1455347
5510
380
32733
3182
2974
11226
30996
49795
2722
11471
15607
608757
53263
206481
33280
334405
4338005
17722
16264
4078096
20788
402059
543956
31795
88960
63420
22223
15731
799137
747823
1024188
152286
42626
536789
13646
9696
221237
42146
128422
203411
666520
21045
66984
39492
144498
74711393
1061811
1111198
775685
14532
98354
208511
963
32372
857549
15961
27020
0
22295
657265
1061070
30805
403859
404027
894568
121984
46169
36827
2749775
41544
20103
12688
66795
31073
47675379
5425
54670
20163
40800
196395
293874
44121
47210
310542
21218
4272
15628
95020
22562
3988779
12693
6124
261130
77153
332096
659442
297557
72563
8693
34372
111998
54419
14270
711795
18790
30429
12933240
94515
21933
28371
852534
99181
13984
687441
15828
1773550
605495
0
3120418
15008
57879
28772
4314
33180
556244
815845
17146
7962
295584
46675725
6400
14506
640755
7130608
8966
38926
2111241
82197
1705882
194615
67923
9133
28846
137328
14382
47577
35979
5961
250819
60924
522562
4255
371185
127920
7018
12267130
61930
48131
15451
92844
15149
5217
3991
396599
33615
68923
58735
20158
72402
15172
15184137
73922
37967
15734
20413
56499
3366
11563
15985
0
2641763
43082
158343
48656
7703
3803
15238
289045
1197228
47605
25157
90974
33548
1610
24107
2129
12764
24604
14386
13373817
1317222
49819
9263
435901
23445909
45237
3451
16383
30122
72836
240652
448145
64802
65325
16543
511336
33921
42099
429531
6418180
189065
34860
529402
65622
278457
13261
139975
339889
4785417
139329
28206
11980
14642
55937
18307
41495
31809
7052
17864
3529
221342
53122
77542
34115
43195
33694
4240
18245
17281
8190177
885756
476989
179841
8936
1686182
9110
172248
28715
2074
23800
38387
449291
166608
18443
29871
55943
1086007
17679
193017
0
48983
1947418
29731
188065
106208
29018
550227
18405
21721
217333
6596503
14175165
16176
12841
25125
14287
1715
13497
19196
301930
67319
29744
26799
7057
31079
33497
25615
46875
88404
71006
17751
786
15637
21466
561
2513092
124301
21630
49153
22973
59536
40117
2061
321384
42581
6240654
179318
1729901
12986
1271
55266
389566
17309
384
358699
211043
8800
37974
30222
139541
487016
17843
14136
220323
13516
9778
104554
0
0
7337
62114
1225131
636189
45676
3766
10329
22663
475431
579106
38152
323651
42783
9076
1524
16747
4164098
12531
39735
37062
29195
67059
56346
27020
20285
392337
899494
5823674
10011
21324
33151
15187
45930
28510
4511
93931
788642
16510
10230
38308
5765
50270
193904
58322
73940
27126
602931
3196
20064
7881
58205
42598
40167
1267387
60187
98564
1063155
31273
1172042
231684
4072
88700
162720
24796
17649
14650
14022
4899
193744
477322
24156
29751
736776
1804703
33435
17714698
0
0
7541
41149
281
83767
71697
77552
48084
177227
12988
42676
39283
0
0
9612
624907
31360
40542
23192
9607
24863
3177
9160
72597
11161
48546
1466019
564572
381049
9218
0
30001
30615
1327320
10597466
53869
401399
147460
21103
393587
28736
79969
6795
11513
12868
19970
42990
2090201
1122873
25845
24454
769154
43284
0
313083
77089
32782
33403
27148
40907
11558
1569315
224961
0
21255
9502
60459
52282145
784884
21276
7980
27991
1083828
82
42596
3774674
3800579
7108
33742
20646
14883
85394
205599
29576
53002
27300
4774
2688
7907
269174
3974
43580
79853
16669
674909
19977
691585
50161
4085
302340
1314185
2382
58715
291
1197660
30494
70469
14259
392
20007
1060331
245926
547729
68834
42595
70964
179
30626
992826
178210
7567
21504
105343
37089
438615
20161
17188
10831
3189206
17668
109796
31757
10314
472
246116
26410
19100
10238
131768
58337
20650
19807
1007164
316990
53954
291894
14832
2641
1649303
1057898
16479
17977
9585
361831
25921
10343
20013
85372
8696169
1850595
76062
422708
46044
14579
34107
695
373890
57758
88756
33992
109333
223579
9868
4853
294
163313
84340
48987
525562
93643
89691
32002
26528
37888
46913
54376
7009
5092
59639
741592
173404
693494
205654
36626
6436
44737
42404
88309
33009
29781
8876
53909372
0
36122
48255
60915
19430
556231
1512774
48422
18347
2246389
16384
135207
3212804
478694
80147
2681052
4210838
12155
10379
3649697
319633
7520
133317
12955
459978
44670
63241
227421
31479
4930452
34011
879
245265
4846
65423
11656
600272
430119
7838
11452
38605
20204
273314
1858205
89738
3373
33651
61896
73088
4247447
105170
28951
1719016
54109
13364
231167
3541
29069
1242722
12767
38081
155459
239521
3672449
22317
34246
50136
0
17527
166727
662447
469549
28575
4980680
12988
2783308
44523
29174
25395
8204
1307200
1244
23154
319692
1973574
49416
18809
11514
996
2600
1073351
4053
366468
365325
28125
5908
16802
6347
414772
323205
10701
21901
36989
59196
85067
48787
62984
61467
148413
55774
55626
80872
5044
46693
29010
4851
65237
215160
18318
17187
46579
3716174
6146
990383
93216
289744
370326
68675
493951
582070
1482248
3428
58477
64544
14576
14025
58116
4700
82365
726674
396178
3702370
2531697
16275
134448
37860
27896
25825
2966329
10265
52470
6813
4571
22892
63579
53836
313433
39310114
40808
25144077
17436
92202
17997
2657157
1823
48540
11161
86277
13882
1163376
610348
143810
3110
33664882
11763
836907
26971
32895
47050
40177
115587
214289
78238
239347
72036
12518
356482
3342
62596
47145
27980
954
6170
294714
25917
598
9783
1383664
99297
36350
54278
15565
98194
75581
159249
32308
3374256
7126
4281796
11871
13368
24879
78378
34882
67086
66433
1082182
433077
754936
46390
220130
6694
183848
17139
89473
352471
70202
14989
1310
162403
61433
87396
10140
7530
7482
1324054
54497
4636
37840
27081
19803
36683
30116
4690660
6732
236827
259212
372611
38809
11571
3309
75547
48273
241482
26654386
33521
83684
2218723
722422
96700
24290
367077
28620
129958
28726
128933
14427
2356668
43156
2337
755940
18361
42848
451608
59791
200706
104346
852970
667242
12370
551301
56802
33163
439902
10622
18746
308995
50347
47782
1077031
979608
48475
1165090
43919
33550
53199
16810
133816
3928
7145686
12391
362626
42966
1869492
2452243
8414
318589
52999
36665
37187
39558
54336
14021
39863
77940
4529
42408
100445
121883
623515
12376
60718
277352
1914157
192872
18503
35829
43758
25540
1393562
3110638
41913
40425981
5024
1092275
34395
282648
33339
402830
82627
21406
308409
41338
338750
59141
490170
373338
1896
49839
2326770
248923
2324
48622
13166
75224
40547
88369
12161
1474121
70365
798567
153895
6601
26739
30716
0
40689
29195
41575
38510
22452
2777994
31710
146860
35448
24638
182672
39979
21301
2607500
402
1022593
597221
19294
1353614
12155
12387169
15518
204483
0
60220
21002
105840
244458
39711
925871
644360
253106
3814953
70595
46530
1467
27966302
467497
58212
436711
67394
14814
4025609
28279996
6391
206710
10514
657
77218
79647147
0
19524
37584
1959921
8689439
19657
32892
49413
24798740
11144
12413
288497
362823
37600
36617
33972
4370
2622626
264
2034716
49019
415768
15380
35265
46112
14179
8815688
8659
12573
92644
44413
14472686
916100
7947
16354
299695
15204
79091
5009
3645573
32287
47629
270980
14852
54310
22091149
364019
7003897
934030
18068
247553
494427
1553237
21178
64531
411568
15590480
96928
308127
87888
638363
38043
108379
83249
1379896
18898
39187
48671
3458675
207453
81062
45919
5464
302988
5472508
13498
15313
41964
56981
91193
145
8214
13189
47365
2096709
172908
0
30726
18141
783386
5409
53681
22848
18407
6574175
17439
993841
36892
47429
2020052
42046
46660
22836
2490
14583
475367
3418
3609842
8778
362325
19939544
24127
33508
52195
750720
41753
7470
321357
2178
368121
1298156
825601
35136
4861974
13632
44376
10918
3535
2123345
1243673
512293
25620
15946
84307
25116
201414
10085
29702
97923
61065
14073
1951
2648087
135525
30217
4238
491122
32580
424066
75301
139518
6786
10455
1313952
190685
2823315
42914
49285
24302
108746
14032
574625
103984
5763374
1743765
533147
39697
5242
16628
10963
16240
926499
971
52004
29962
51600637
47683
1199
165250
219707
259709
167250
2652178
2504434
133990
12802
24463
0
27426
30449
16893
34650
74163
23655
12417
0
29817
1786369
20663
48317
665344
109683
67413
19591
2632319
1302231
49774
30352
457339
163106
47980
189623
46237
10036954
469181
36419
378154
47203
5861
10598
49745
2808889
42042
12658
44111
105615
3774
6058
5610482
22598
1480156
61215
1795038
68974
82043
2355211
973760
5155
64178
58127
18543574
253834
26981
499754
45856
368639
90611
6853
348216
4778918
19691815
31310
726407
554294
23812
296894
477443
917906
22059
61294
28193
7141877
10577878
35198
497530
222573
170287
83066
1939869
3384
233867
48046
312325
14743
10666
36827
21135
11404
8972
50529
218385
38556
4474505
566078
67046
517918
20521
92416
246716
23789
3987307
112276
13365
24975
559474
15457
607785
55002
71709
348260
42161
4361
19457
606976
7198
126827
7509
224579
34880
11077
30938
11496
48836
25499
100733
39728
11103115
1581
130968
25846
82321
2805
37714
84078
352175
148054
20295
413103
412049
688
16921
10596
17112
0
20311
60269
36766
1593
11942
197168
33126
1088021
3198982
634923
1171774
25285
837
117748
13695
11234
648471
60832
59193
6097
5589
58291
564151
3954
7647
40243
712032
20485
26227734
19390
474425
173342
92763
55992
0
4120
5175
6100
669
945968
93830
19879
56313
7085
298981
8395
11866
74089
163789
2013245
6119
1329878
7038
49443
55441
21991
9783
36953
0
90216
13984
19090
5022
1523
107415160
7228
60307
65440
480983
25143
5756
10299111
142488
18666
43444
4385
20325
96350
11380
17176
6733
0
6253
7594
43292
48580
168175
33856
518290
10106
98499
9217
11522
36730
533
39625
9390176
4394
291972
40030
384921
4763353
56425
20034
184885
855454
11976
12915
40041
468256
12576
1962401
63210
248627
111428
52691
15194
40731
81951
103080
61437
14200
33057
24197
1911831
27945
78185
43547
338704
2582
1677
122087
2329
48644
24430
245429
2147501
8270
259669
60699
176506
38203
71741
37724
8391
12380
2357034
16365
7096
65009
31020
0
21986
7417248
45166
25546
243826
2437
37045
9702755
1280838
30856
35160
1954470
68928
72483
53419
2055746
4812
24752
8340
1884
6409
45516
29726
47957
20985516
1705307
23550
182862
39337
1358715
34372
2762
33660
35160
3289
1135715
71297
12221
25281
15742
31192
1352497
944799
786817
186273
370863
541837
101431
69008
5651
47779
31358
3651117
146041
8365
52284
2851
49521
37809
18089
7682
840427
40038
753184
991411
205559
256567
389008
16605
609440
17747
246654
13667
41137
453047
5170
335
37520
46048
4372988
358626
14066
3795472
16009
465870
105710
43947
2783
11724
60522
56223
1018017
9763
200043
1027348
3292
5656
51117
47384
21760
9576652
26515
30420
940931
50579
326442
758863
41604
274076
52728
376193
37130
49075
2189
48481
4899
15692
2039
260417
967811
28819
29290
0
5275
1041425
14621405
8524
134947
717780
28718
1182715
5217671
24117
34826
56862
105559
1121840
368969
7477614
1158423
74831
15765
50408
16214
13123
236921
27131
21831
673361
87397
29157
32197
7024
5636
16817
81314
110518
34074
6318414
124725
938557
3228
1028629
3422
6282
57737
1739979
45427
31102
332167
20247
44827
39957
38247
40854
1749409
5067
59311
64586
3327
39447
896605
10629
156614
0
366347
24118
19161
0
27040
475578
33879
1343063
12563216
712491
34062
8595
2012
157024
39295
903995
863139
1337511
424570
808447
6929108
20006
10507
14941
21953
501333
168095
22425
50342
1844391
13848
15418
72579
143486
49257
654795
6002
14412
13249241
135896
24089
118720
970291
5584
24157
29584
58028
0
488469
25475
48399
17987
167586
12447
24827
26092804
1396550
26152
21843
33655
7485
504351
105988
52426
32765
60914
397732
1066764
9781
78587
2519
1777
1746
881060
66405
119247
34208
89546
41942
942372
406155
30625
168561
57222
61375
38738
44924
19572
118165
222937
52135
4083
268439
86538
39717
41761
49477
899019
612591
171146
573371
46673
472937
23693
214953
63045
16883
9746
26358
120080
19665
7526
6193228
1720444
43839
9898541
66509
72784
47804800
232259
73623
16614
65387
418547
457670
73568
31183
23793
992503
456484
162060
27136
7355
17473
33779
102919
113891
5081378
2971
16742
52123
87818
17176
14763
18491
395967
1125969
22962
68730
6492
377884
38055
38522
321072
5497585
25377
16551
7652
29353
100838
291503
476002
227957
714188
517163
59586
55583
19185
83462
11389
99394
113154
14059
6584080
29547
117
14174
6413
15189
232060
46411
231555
4275288
7881
6564
311198
47082
2944
48360
6285
510916
31605
15607
12534
10279
27403
75375
18634
15908
366080
29142
626284
603653
4578647
0
30077
79176
6002
40259
35732
75905
6378
28575
64040
98510
2637669
56392
474970
74164
10730
138498522
2868141
93526
37802
34385
465105
37314
42792
16073
136263
1495417
21725
39540
25585
21888
29939
65518
35807
11003
2835
327295
24619
9028
118402
7372
4119
87423
277607
26953
44942
31983
341630
78130
36179
19933
23153
7596
159688
388595
0
3019
5782
44040
604075
26321
4000
714
17515
25382
274
286098
29110
1710
21548210
7522
12235
5718032
1983003
44104
4290
0
630471
33213
98547277
42147
66988
2653421
28655
12349
12139
11102
138415
12904
53861
354
41792
58684
40123
38566
13658482
36705
8935
652
27923
13880
2218547
100429
56813
55395
24196
12401
211546
27152
27522
22613
3402582
137605
585465
42950
928914
752393
821236
39399
12698
27429
96037
89155
63236
27301
402563
64650
361925
6485
23818
1693338
6166566
748893
54483
21443
2526395
816564
9696871
60663
23750
1000783
197246
21690
45632
3545093
14899
92348
72629
40436
28595
5430
34096
10509
23109
38232
799437
933
1822
19566
2469916
24561
853202
41630
107789
35358
1387615
22017
7019
1073604
87844
324208
14864
7195430
1658289
10042
31389
32034
557811
1532260
31745
29397
332247
30896
63013
178850
7766297
38410
274825
160873
133382
1722
43449
191642
129404
35611
14920
32314
3488626
692299
28562
16790
1911578
375508
282999
56253
60930
68280
141207
728037
174703
2370228
40644
38097
0
1090275
177885
33927
22404
309693
24806
321357
12789
19204
22589
1872795
103993
8256
26969
43834
28308
3696
53212
162735
52569
7304
13735
110915
17699
18693
63993
66210
232928
150695
24779
53511
437530
28415
46436
128578
0
725339
5615718
10506
140592
188613
569896
1232
31351
65704
3038411
22686
43746
198201
7708
118273
1429530
92322
68557
1491766
34313
2370543
21619
51449
23933
1236366
313
14037
702432
3777
88998
157028
202627
1186485
2241093
69770
11883
107506
213105
395025
38424
14886
3087485
11795
209673
1212
45512
198643
24133
36042
16695
19941568
3036884
682856
69019
84352
0
14156
0
243210
9270
12027
49333
420999
22653
105994
42425
503766
1215691
284
14255
14432
91609
34483
598177
316921
49586
303495
2421
288145
89851
3529
5799
499
16278
29838
3608171
2180957
43308
38897
17700
647059
491432
68581
36212
31936
14865
155337
33442
2510
17138
1697
1678214
50042
28068
41175
98745
24129
1037981
9763
2106
11719
16032
115289
8682
15735
327691
2376
1568795
12625
1787383
161333
41154
47522
12782
36333
39463
12547
83521
18519
2368
2738105
65089
1648
36911
59192
7363672
13569861
5076257
47054
40277
60983
96847
19179
13121
42932
33196
25171
194262
45159
381225
227496
16381
0
126837
127398
46797
371271
12872
49752
5897
237549
0
16326
929138
2968
56202
33606
4632
4964
29483
41961
48863
56540
16717
49286
460610
303718
96631
17280
223559
12056
3758
166016
20049
17903
5312
13290
305445
1606
49623
14776
28654
29644
18825
40925
129076
36770
372869
1831241
511905
4598
28720
90524
17792
51024
2276564
28121
5672
96418
955041
28946
31138
10290
122412
22554
577361
11913
18420
1240
53725
96068
0
15669
26121
385290
959866
96822
4313954
8282
74680
384209
1394545
35165
55761
151630
24698
248312
41541
10969
1236359
29442
359853
31781
12298
1410897
76863
8528216
16106
6218
4982964
242009
24042
12498
22678
6849
187779
28255
19212
7890437
76933
28868
553323
6072
455058
138396
44889
493186
13005
54129
58226
219687
165229
10184
0
10243
82027
69602
25026
13443
584586
584
40421
7976
99876
280821
47407
119157
251136
10984
59991
1351920
138598
18163
151226
4391322
390274
151221
76279
3939
53351
1843234
2777074
500206
87190
9555
4010
39178
1352
94667
217043
1084537
7005
21682
17345
32364
123483
62910
22445
14104
5209
33071
60562
93281
1807111
6167
17783
35582
2649
576571
96370
83073
13903
1196848
460609
1081403
21210
97093
901
653814
1021652
34056
6607
74176
48250
68514
26458
11834
529408
32401
45331
24155
49019
818726
65142
12978
25397
18305
35252
3465189
47269
42055
12917
45124
1180074
56541
17779
3979
26891
110681
24756
394040
9726
5059
9445055
67008
59326
43490
24357
701806
151331
30731
39230
0
45589
46606
7322000
83476
1223504
43695
31816
155538
300781
38099
385512
214402
42336
45750
68087
12504
71130
28825
1963570
285304
47501
116198
104791
47933
17640
39989
33378
25807
823
12358657
0
959615
766
32827
52512
59030
1100854
60958
83624
38233
62423
22687
978853
33338
17734
442622
721574
39148
51087
475467
33572
374
1759694
10306
4783713
63993
296437
33936
7980
4524
43358
7886
53256
40286
5176838
115695
20498
110972
27642988
483008
79538
28498
42703
4242436
48002
8481
8969
0
16421867
4245
17861
10635
513
148335
22728
115094
3058533
69352
145593
19634
10273
10663
78228
2171246
42293
27943
71061
401730
28996
49041
29389
7934
9420
1524178
46256
191371
60871
16220
966
992
4480
113388
30766
16671
35524
15152
22951
41895
31353
3119878
29684
45264
1466
426856
325747
44750
1241728
12204
47865
185117
18511
1138717
36847
7500509
21692
55041
993973
33077
119603
99048
197585
3212
16060
585256
100874
261685
65632
54614
15531
78651
37416
38130
70422
349307
65488
30583
22182
134607
20152
17242
90747
64525
224287
1957668
56680
12417
469283
338
8449610
76475
245313
36670
48855
94503
51483
9435
11767
10073
849750
14110
86275
45302
1039261
101255
39470
4026
144792
28105
6775
163876
85816
1735
52277
1012040
288062
46833
12807962
1433096
63232
5493756
15079
37887
3904
37955
22430
232120
26447
46437
7564
34744
24288
1025
14252
41660
897629
17152
37195
22643
6756
15361
121188
516481
6975
38680
13818
61207
39459
927732
8711
3103
1090563
31503
16670
7791
2478
3335
67404
86236
10383140
266104
10758
88968
183287
106764
135117
8026
28094
36245
40767
9425
40871
21280
40719
300948
82940
53064
416343
26085
20894
43724
569872
31145
14059
803794
290579
125782
21509
10780837
18272
2533
3260976
18038
20614
1920
13594
8958
1998
25486
22706
372718
13660
65735
26566
8480029
2227257
32280
2875239
42450
707841
831221
13762
2349659
33592
54961242
47193
55637
19413
61736
289050
867660
2341316
26905
144967
18637
275480
114762
13094
57783
41172
3480931
10892
4805749
1536755
14364
92465
446708
12645
5261
16354
19901
53774
100067
64102
35422
30367
1866491
9695
15025
65429802
470197
959707
52218
1762537
71633
44238
582549
111227
37346
3932
49542
471415
553
49794
29269
13028
4135
1788759
24543
50754
73085
13209
21730
29971
381324
1695
133214
16973
19625
57544
2155687
1239135
17928
2339562
39371
111306
45572
15113
79
117069
3726
2342
8288
19474
19879
123679
34870
461797
10563
38300
20092
832375
30497
61546
1303133
16504
19100
882
57370
4127390
674
9421
10964
7042
23051
30767
205275
66122
16872
1142413
142054
154404
24466
39655
67442208
38431
0
14360
0
10069
5573
12430
36659
19824
34542
371868
29933
4430289
27162
26822
33690
9671
80380
11255
30263
5324765
935531
2409592
2517
196953
207568400
3184
43072
44747
95880
907195
43250
7523
191600
20667
67810
863114
14642
1337513
293758
306812
517286
2804
36401
3986052
42898
354916
44084
16689089
8983
42317
21424
0
28768
24026
1385192
41726
29305
53808
20543
365980
36537
59462
46253
266205
701334
25326
237701
579
59210
7870
328633
700848
0
44892
107501
136261
36650
34925
63670
42560
14141
23427
137823
45406
9200
13327
1299
14864
9213
4695
11934
546107
382021
123608
55981
7956
44480
17259
6154
3903822
46114
21838
36322
205390
344237
7859
33074
24958
358342
139438
180910
12478
3748451
194798
43200
13280
10612
8380
7723811
9603
789636
73214
481544
7318
31229
319696
65913
40170
1023429
16949
34154
23831
1965
29113
52649
659821
40106
17616
6911
269646
1184
1289392
9048
22766
2069771
68517
32198
6892
11391
3623
9839
19078
21970
4144778
31478
5397
293175
30894
31945
33319
14651
8841070
37966
750003
23457
9559089
11573
49889
43669
1450
192583
1240
23402
2019
30490
785348
37456
23076
52011
220134
28960
220777
34522
93592
15405
208133
4283177
21691
8811
8806697
789134
188357
36428
10909
2272
1926855
32951
977274
97463
12412
3739138
30487
0
22137
175071
38877
1991293
820957
826618
19677
23801
8201
187087
980447
191386
68124
72266
18834
131551
63007
28664
2680133
284205
555437
1605495
40358
170102
4958
34908
161752
30801
5031600
24217
717940
91063
20165
67452
44272
37779
572057
88289
4406
41682
63827
15738
47352
673988
5602
9974
58703
53344
14187
725226
12408127
339659
24958
0
73211
314152
95802
1770211
1183718
6676
7839
11813
9870
0
5346
4628
583030
64665
490400
120045
1669
8315
409267
119738
371715
77005
12305
16193
429218
1124
67988
41379
44848
1115232
331456
1342
16609
1000225
125076
3611785
55090
537781
123736
246500
8700
25428
187653
45011
76028
68269
90581
118417
12412
31334
112096
36037
253209
8559078
56540
32850
69033
293453
15297
41293
82521
11421
1339199
208590
787693
4191297
1148831
41594
5805
11095
88414
3773
155467
26562
8205073
11180
6017
9249691
10253
4354
3299938
2787401
34446
335343
9319
39563
22476
55016
309303
1251381
9045
2685012
60453
311479
67095
36222
39374
6132
238452
472908
64185
590
29492
13736
15915
41304
3149
9918
66031
29833
656911
1524322
80857
26641
1250
16964
169172
29342
10698
26795
16809
0
14311
47467
69798
58315
2012003
12761
1320333
29188
32186
966424
5255815
51585
27259
193346
1351544
50251
240090
1341815
20177
34364
18268
47403
33680
11973
19533582
94427
17376
662299
488
196817
4045
9712
27570
25311
36069
31436
0
19489
7203651
19425
970328
28001
31940
108172836
5379
218821
64934
370344
35225
2308222
0
41764
13478
6796
85794
17556
124277
450
329622
107866
42553
497
37956
931311
1821900
26628
492405
14170
13162504
186886
468583
317047
1506796
4748
43359
42306
2945089
16014
95416
14837580
7821
66695
19064
48164
38971
95826
150076
8259
16988
61889
1273473
501498
29541
14147
0
246952
261739
17443
158429
7466682
255453
45985
48782
89581
467351
280118
96342
45912
12747
7170
12812
90277
35948
41061
49861
124858
18700
126780
61562
11285
41136
91607
43099
9158
275856
14989
35049
38337
28937
318838
10137662
209536
48156
31719
28153
2931637
12285
34534
94375
1352048
4415
488588
32780
6448
39249
55632
50880
12839
16534
32343
12896696
14749
55320
505547
34009
34926
31209
7867
20480
129941
2324325
11706
919881
47348
8047
266318
29197
0
53733
23963
31612
416325
46516
18440
38667
69856
22081
31751
33158
3763779
1148758
139334
20110
33649
805561
10122
84745
57680
82344
8103757
17807
4646
31744
70410
3898659
9101
260499
4813502
2349
19348
88610
508397
292492
186238
4878
47085
84210
310740
296721
27166
9097
19178
52065
16014
66265
29840
11065
15554
14418
19645
17151
43593
21855
146671
9448
408336
163812
30864
11778
134877
44065
768779
26544
7153
27940
9880
61417
20625
8220
2410755
31918
0
35765
708851
36393
163967
12666
39103
510
66807
186006
49317
115314
42801
38866
3028
4505
443556
69659
36779
278629
1087301
583541
23546
911
5748
31957
9500
1353
64218
0
647121
2121051
80749
1276762
18522
13563
68819
14608
27510
575173
38124
1136039
1803829
56893
44741
36491
37880
0
152033
4834
538275
86700
0
72855
0
23483
271819
44785
174044
30199
31485
16895
3347183
16981
881482
263891
63700
3035
64497
73864
334198
40042
196106
667860
5751
2361
39321
18283
2367
43905
23550
11759
1557842
61461
75958
1501
14764
69794
10716433
67638
160897
31279
773030
25665
346071
84130
420082
747
51021
19042
29437
92688
38014
48383
14995339
282974
1394252
308498
14831
379005
14541
29025
396590
4755
2282561
12473
37431
41148
11646
63133
2301636
150560
366698
837404
40703
57418
57988
554464
62453
120916
15941
171153
1272708
53109
7216
22156
4137
54595
14827
58061
3399258
44124
17788
5665
460548
69574
12796987
119304
1276902
586381
91197
350565
2106
437059
10818
49701
41712
51954
1026782
27309
191059
306879
469244
33115
51287
35690
280687
1258
16825
13384
10714
36991
69403
504560
21790
357280
45921
46196
9932
131213
13990
803473
208081
78518
3202
22163
16013
33359
8266
60451
15091
3020409
45960
189650
25102
51169
24587
508147
118207
133015
227198
17700
1944
7524
34922
121358
21270
323971
678525
1417
445702
4826
27833
38825
1679631
34283
13280
2435113
67995
208310
19148
46975
33268
1434411
2197172
3107
42536
9543
10140
85612
31574
53043
433247
384836
336802
8246
710633
2381080
418570
21712
50220
49647
625365
90552
14007
3328549
12476
13258
4374
726447
53544
67292
91233
10975
8899
1591422
80094
15073
254299
17273
50972
146541
46882
565936
34542
61881
1512354
116495
502953
1837986
258729
680065
453462
24940
2593
364746
5024
49537
182404
0
731938
8138140
24964
338476
877992
208186
684574
21935
5670971
34302
184300
20438
29897
730680
98952
1241762
16052
11501881
15470
7607
82618
290227
113706
100213
39719
39013
87499
254471
36625
1215210
36905
4573747
32163
996
18307
1243290
38383
35292
53604
18579
118118
75710
26965
15143
11081
538547
120634
183312
1244556
52650
253013
7987
766096
97983
370706
32569
355749
320289
78701
18386
131810
49976
642019
21705
32373
3414382
78750
373424
42627
591930
20338
13387
14429
87572
1555336
1916
12315
659214
17878
4441
67024
24691
1727294
5384222
4410
24230
493103
57829
103191
16642
820081
332206
87432
94843
3926
26227
4254
8448
37858
3661
17561640
0
91085
15229
109381
4774
50298
1831403
694330
18697
18156
0
97926
2611
3121
37407
592300
14214573
23431
44458
20455
8835149
45990
359643
68739
8770065
6499
7694
57791
40305
0
12999
39778
32464
32879
652361
29285
0
12558
38968
8974
260636
5046547
16850
451888
44015
30496
1034796
62076
497798
30782
1322128
252
28273
2622727
20707
0
19920
165714
21468
2676
54442
86864
19492
104537
535812
51041
17461
1655080
24047
15070
32166
3045436
597758
21649372
487364
2953266
13742
64197
17437
62687
28131
60716
72029
109506
1170018
9789
18407
51816
2934531
67613973
264658
25800
0
10712
20060
34738
1176542
120742
62222
6003
67634
1836324
118223
23611
1323467
360615
26171
176119
1072
28810
159434
10300
36981
1880
882052
7668
1155733
2658963
98542
88219
9003
34610
15030
18591
12352
81270
3263
22795
40943
81561
9810
252673
34258
98299
20154
77752
4555
58448
1007
8871
23709
46673
5327
3663
49723
1195
41986
381515
6599151
371532
37921
302774
3062397
5445
2886
842038
6740
7583
9828
78880
8707
4574396
2570223
146990
22391
27465
2729763
14260
29156
67025
41939
225891
7941
38345
8188
35936
390233
21497
6673
1780905
71522
439612
26912
39126
7283383
1485
1383914
70203
18777
221308
34369
215127
16001
45129
24959
47031
809853
111721
93448
18745
6147
865465
354063
58218
111194
4185
4131
17582
32143
26551
27254
85840
65634
350320
2816
45941
174007
25702
25096
7073
31546116
771217
1135599
27284
329210
20213
68660
2748
86931
52335
19372
56056
832000
16041
127866
33968
28436
18183
14250
483957
148485
29318
196962
151425
42958
310504
271178
34348
110232
90864
35716
76405
44244
12635
20259
397478
892746
6069581
69130
1244494
24453
9593
47001
0
3369257
1735077
42795
40677
13303
84653
849244
33239
282661
29035
14647
83897
14146
3604
1298131
9038
19896
999691
182333
27959
500193
36810
1192503
111279
48458
3635266
6427
3680
4427442
5416
12393
45585
10419
9998
566236
564650
58344
31812
19573
17517
9355644
23752
63916
46803
47744
1609514
422145
5169
9482
3052933
1500407
30788
820422
436921
1669503
36084
3313
235627
241440
1135197
148552
444470
9195
12817
2110669
1796
8984
1429112
34424
82813
4292
114426
6725
0
3781783
1861388
27982
13799
166741
47971
17142
3430919
1062365
41511515
1681
55947
21874979
26505
85674
39166
70999
762202
29226
501319
54133
144473
18349
7461
63070
16843
81792
74296
282706
468962
72802
35429
976
59464
33819
43203
5677
62428
0
4260
229320
966117
9559
47274
751209
26384
2689403
611669
46963
7862
1164
17537
20695
14265
16592
26832931
66343
11811
31923
66474
2255592
26
58651250
99287
137985
33517
11863
45035
36044
9325
1646927
10287
371186
699592
3115280
812582
31754
301
29500
194132
3895
8922725
15156
46296
584
4767
4376698
9439
7399
18016
47452
106223
813710
21818
845035
49870
30273
54212
336720
177557
11706
862961
139825
30161
3537
899609
14524
7877
486935
15130
3234
20323
18810
81606
120984
645498
282365
356035
52333
12685
17391
1569158
18683
49788
49636
39705
0
13508
184538
54018
8411
12986
123968
33400
261609
3575
15251
47415
2094619
35574
33396
59987802
14337
9048
3749
303717
22409
26854
31942
929550
20285
4097
35940
4923
28546
925024
524698
23631
41844
203310
500714
29830
273877
35296
21415
41004
23721
24779
54327
16991
1546980
14818
110052
1092110
43725
118043
23359903
198327
81659
1792860
1605803
608269
89782
16931
335793
97082
141295
332058
325491
37924
28350
26985
642657
32184
44456
19279
17615
69051
14281
687127
390
17588
914
20438
279912
18739
10054
343078
8188
43676
10341599
44189
4508733
32061
7053473
29432
132299
9077
13448
55879
1234
94143
22057
45653
9134
1371301
8860
8400
27650
243161
35642
7924
37739
2581
377718
10054
34952
68145
1255663
62496
25797
90131
1393491
69776
6051
12507
17833
49077
125761
252173
44987038
98145
499708
6134720
5477
859978
27062
3867
2193605
41526
33938
49034
8224
48865
31066
833589
49914
67639
26699
565431
79437
840859
403534
3079458
1475128
3623209
36954
8687
16460
42457716
511233
61114
622156
75503
14545
4314610
162003
0
31233
13155
4602342
20513
455870
12872
0
132280
15159
0
17157
377380
437263
1314301
143012
312994
15543
14300151
112263
58962
18846
2182907
958927
1360526
0
15674
26609
8339
77993
547626
18795
39175
372173
3942941
1795
2226109
1350992
594660
20491
15164
42448
13525
48906
54844
2812
457505
27091
1204665
1894152
25892
19169
30494
7018
66545
18154
4990
7620280
1083477
2925
31806
10463
37678
45923
163021
14361
25292
450730
11889
750325
12143
22532
47977
38448
193115
13426
143492
8712064
162570
30789
5748836
158559
36283
60681
535480
61030
16576
38874
1134
791182
6887371
119611
4484361
27132
39901
30009
16253
11940
21036
68619
857206
794388
19933
965483
15415
844562
45626
465781
209390
316756
13186
3833128
2164829
2007043
7217
38765
79820
12114
12792
129181
108188
8347
417392
16590
7592932
45809
18486
41394
174034
20787
5776914
209797
299891
187357
15164
17197
8784
15807
24799
429949
183049
156677
63564
101325
62857
472476
19891
12976626
16197
24496
663538
29662
6928
38865
3001
165561
62739
16481
338880
2799316
26252
3918811
23474
46891
63599
43240
59533
135430
14961
66642
25297
340807
27145
48185
9313
173944
21372
32537648
7361
75314
108254
99538
8679
740
784394
14593
18475
6230
87312
5679
11116
135230
2866633
7310
5570
318069
2098
320067
185525
14473
185245
10858
20672
39980
34806
1035242
11370
393232
25073
49
81865
45632
91993
38835
6029
0
7028592
19922
17467
113586
285347
496003
88236
424127
3104450
32210
6395
36204
769855
153080
17439
0
39810
208139
30200
44709
719963
13899
11153
14257
14944
418352
21567
36976
122968
170487
2082103
624304
21045
73847
91711
246649
29548
144670
6997
518140
187693
32229
1861525
18399
17720
14637026
30404
6333
187332
7759
385490
242372
174280
3107678
63696
145795
17891
44679
12319
0
286990
33536
2715
2674586
521366
11834
1668850
43134
37549
558385
8785480
168970
479579
1432
1252580
47528
15831
45288
41210
15075
147764
36780
915849
491062
63372
301064
81527
14215
51302
190883
82519
2066071
25162
7797640
3671331
300867
4436831
23952
2998
20406
85632
1243997
37339
3467797
9182
1893
27242894
23952
4860189
15246
93984
47033
20144
15652
67508
7025
33785
1730
3644
185777
0
165237
1377
12718
492980
1195
5505
45699
4456
23892
18752
49486
37715
77453
786696
47272
91820
50878
1441938
6474
25646
337747
0
39078
2069589
0
263025
38674
14311
1341299
212657
1146306
21575
190013
18394
28144
392737
14129
15680
6990767
19680
885744
54101
10988333
663991
936545
47942
45608
4128191
3526
701691
274939
34407
110878
4379042
141567
18253
96475
64928
293072
75664
697385
39407
173332
31024
46430
7226
4332741
173266
17602
410700
2405357
36569
25971
16289
940855
1539003
305712
121335
119809
10556
1260
47123
7710
950557
11586
5094
51515
885042
23358535
26271
47442
41487
8377
40388
365000
44521
228401
3101005
34039
810585
8236
316873
9476
2448
9269
8821
8972
42987
1255589
1747399
138049
4111
12283050
3988
13747
225
719953
69720
6444
28031
3192
59508
392625
26976
46737
1356
424682
1026893
509261
234620
50789
14576
2523
59663
3860945
65249
23716
6431
404401
25456
45670
80288
4474
1485353
1893609
14834
19909
8429
1012239
46345
104359
28333
14461
31868826
20347
281232
92668
230136
29949
12407
261898
69440
82847
48467
463609
879442
476572
74945
312711
10140
15534
19793
590407
45030
63775
3413
139
1693
143760
49032
38969
439451
1780124
2338233
40524
866
16948
31248
3981
30931
99952
58003
15919
34593
45408
5879102
82313
158191
82801
174414
3401151
21286
6493
803211
70288
37063
42398
21098
15783
21134
16508
3264
170592
38098
69811
7342
37539
77492
92235
48067
64895
145933
81941
0
22322
15760
32129
61238
1710
524221
967513
277998
77271
23406
2978
51084
39881
20046
93690
49729
49439
42767
3375
15920
17356
29226
44794
3967
65552
57014
2838
16390
71709
346786
6943
1231
25855
226762
29444
18046
9915
24365
79080
12462
707066
5113
470315
43228
39966
3286
34225
9339
57776
217994
39166
28515
82999
95052
728087
644028
17766
5626
35838
29981
2250
88537
14318
15565
9631
812521
49701
24199
0
544899
38585
47297
53031
125175
194189
101744
32711
35832
18166
20114
2475919
34978
80248
831077
12142
11507
68427
25728
29690
47191
1276734
124185
2204306
219452
1020297
26297
2192
0
138620
299378
1311
86633
42881
683624
1358155
13979
303860
450314
14547
43323
112920
42943
1059607
22957
38197
93437
32817
54856
39692
39982
633857
1230840
27576
37803
7833
316905
1411173
12368
26804
14786
47412
1211490
22615
3911698
3946
24594
325473
43759
16125
49861
18416
39671
718837
11416
3436
79023
71231
9764
34777
25166
16447
22106
8901
4571944
263466
108812
936
49079
30675
23888
44054
44997
265599
4083
8445
319727
794925
6807
12285
22952
16484
35416
66507
2607
725183
25285
323188
47596
82118
20807
1052563
63853
11350
38404
316915
6056190
2152
32522
0
23280
1820654
67413
57789
55780
50437
9814
9514
35106
969864
923364
3188
0
209725
982383
2438683
40241
1989
168615
58201
38771
12605
12031
3496
5474910
7554
986253
40029
1964
63136
141113
36878
14717
324042
8293
32182
0
134793
45488
34312
132721
34652
3753
59622
48538
7695
2306928
49744365
4022
920609
549703
28574
541601
1862314
34220
29421
23731
42516
9774
40234
1363184
61582
555698
6934
2164
66934
46955
10259
0
11463
61240
247012
1038609
214829
48805
18533
99648
40182
14778
1847
7723
57988358
1770990
2713
12890
2009701
68855
4202
34633
17944
655404
37222
728
195987
41820
21778
65698
173163
21009
9881
23088
52932
14977
62457
134522
29410
513834
7583
2576975
189460
117846
17417
42050
488444
47200
28115
37993
37224
83388
10163
85354
1113057
331827
42887
33873
27273
45602
108133
26223
7858
9518434
937657
44495
2834
2717112
18135
9732
20202
12494
1960
41840
433369
573340
913523
351851
35081
25554
3312
20098
117574
4048
511472
30535
10448553
17368
24220
208510
34335
6656
25090
40038
26013
2661
102682
43389
39476
45197
0
69967
171616
734124
58201
11279
22152
21558
57529
146315
27725
193723
153498
17322
84740
11379
1291966
869713
52162
108866
10858
4718
37195
8294
33356
159629
42312
7131
7139394
9758257
1244930
3032788
1935659
0
12749
151001
33303
28200
293
12631
614127
47588
673164
4175
6874987
243263
39597
18970
9489
109535
33126
227868
125117
3715827
11701
14050
14213
154515
28691
62978
9388
3460215
28312
66954
1568
22421
29376
3909
694414
124208
122542
7103
34785
33266
3406608
372693
72541
358932
51427
247934
31144
909491
742211
47804
368386
5775
25739
41815
52586
187109
29344
15931
546861
49431
8709
20773
24522
1838440
11408
200235
24488
367352
37669
7852
14887
167249
7551
1099
6883943
4668
13640456
95395
34345
290
6553013
36777
33439
220133
135124
19066
25509
71023
843
1338137
3385
706972
59713
34768
2234520
24417
22267
36987
806536
98882
55856
165996
45928
0
27007
766051
17888
14493
0
8423414
9133
44343
1812107
