137353
2413250
79634138
80048663
2350614
10341799
46453794
28228432
5675553
111805635
25002626
1711575
61240783
6371769
2509321
14077736
10040079
6811023
7726770
793756
220399
11779527
23879570
40132136
4910609
22847935
8988
3509923
4944215
41166407
562255794
96298657
23557518
22552734
7792605
22745105
43315298
17893149
45198807
7736376
21811061
12124639
10654208
969650
8437225
91656610
5960047
8327247
529643
10689667
36631427
12117309
106384223
9400843
5656055
10287709
8460413
97836
37654792
62199724
24799266
3347590
1182894196
2820748
178695869
23653886
11763129
2316840
72481018
17745979
8004543
14261631
71850868
62647148
672401
39541
31399215
12492809
2139142
7107
3102734
7849430
7094091
5859507
2604296
6875090
5365296
13436567
10547834
116164735
6265590
31439674
62257248
86898243
8341774
14174508
64783115
4063408
1311016
69770730
15532970
14864733
6770814
15744657
467684
25910182
1239239
1944113
11252662
3823861
55985597
20533298
7514818
5339876
2536544
9549546
10396905
10225556
16676089
1463986
328162
18402850
27285651
22094071
3724777
10568412
34330296
223412117
5201419
15127074
2224137
12430571
3820146
145991885
10963748
3501977
8221952
9547278
11644184
10399216
9145876
1734882
13344222
48852399
3609140
1226293
2690167
23296543
5378413
2300433
62718406
17690569
9844980
45175901
9754757
61203033
2080142
2253107
26199157
3151694
5481676
14621344
5081161
29013752
110860071
136255522
17450805
19880323
121496667
36303482
34054098
16602406
5288707
60934128
18309582
7102985
1294476
1345768
4936040
16456436
3394635
4390462
6221929
315735
61842500
17643348
2125440
1081725
2044619
16909009
342253
77695598
43309961
4886532
6645653
44630939
16203234
69217771
6586730
684529
21680453
7098149
98252509
1513872
30201748
23193167
4967432
1433508
6588542
5248724
38082696
1448920
61454891
6168645
84498735
4699228
10722066
106395567
3744335
16246953
238420187
1383007
94017902
1025992
2589957
73750990
29618000
4455146
154032342
137503689
40028731
409355
878256
24686868
8987177
1994158
590102
16917460
25294926
48463107
70217488
580198
111317512
21114
4996382
137112816
100281387
53752321
2752090
107935468
3647783
13761104
4890030
6774913
69747963
5841686
41332788
926471
4747547
3950284
3386886
21694890
354669
41176153
1036409
1863083
97157158
60564986
616984
9889514
21536695
3763522
2697576
35424216
8437685
55148458
16008642
21127570
734385
7373600
23596214
2115319
2327765
60699274
8801913
3424957
42655887
76008715
20729253
91889214
15118161
41469833
723080
1171826
12709600
16869901
38291567
19479168
52245911
109807077
2931092
1102132
9132108
2822310
1782141
41252068
30162033
2376782
652421
45928389
838490
2052232
59350030
4478864
11290713
5220694
844099
116634
3676773
1495071
20977852
6564853
14292166
16749597
9894439
12284758
9565009
42060822
560723
9531916
149244452
1987962
43855635
1161553
78054495
24753452
5471390
66795555
150222017
3321230
35795927
23451567
23405048
4844138
19083640
332724276
53684252
3289153
1167760
34413822
130199254
10883120
851759
3797134
478901
6236915
7780545
15202097
778507
35434243
925146
10156601
1522512
11309925
8616276
3391132
12027251
11132218
15154040
8982747
5749741
2118551
1375178
66621226
334599
3790752
15158584
2940230
13184095
35196544
60361393
16056864
176776
1473596
12393959
11471273
1655818
19185359
4166157
7466575
3414463
189237307
2655303
184616047
4222774
1681711
365094
23297064
73299702
4677612
18195557
13720360
7248573
13156324
3499916
59343947
3611211
8697592
77080515
2184909
9279860
7727398
9598857
12996220
38508648
20244466
6944054
6576624
12949654
26823282
1307589
17485349
1227923
324134810
4778089
2173487
23801398
2417231
13588793
31022350
34250850
3480118
89243561
66257409
22049357
5578482
5210984
135838611
1563335
689641
1579374
243844751
3484328
5349307
34979692
1082855
1505517
4605839
608505
60439753
8974153
1445266
527636
18401710
3037467
6358694
41428780
9359368
17620776
22158835
38033
3547396
1826741
4724242
50768233
9108649
83001628
979010
25230024
25637290
4269835
30148303
8806230
139234
21006945
6317837
1653567
48474279
38891832
27084001
584959836
240444119
25652946
6264380
10312759
7088601
1916948
13115128
11164259
11163271
6859953
26841205
3832814
365503
32798406
12189479
83416743
35445578
12014073
4262326
117651566
122902200
22553807
118718217
32366489
32273590
7926302
7599337
429097610
2635260
47439048
6013240
4599037
9138531
45313234
29243374
30123591
39016695
138167358
52311
54507213
29198
19330952
5634534
930681
78152279
819316
1947685
44265484
17874
7503714
10547819
12307582
9261650
34062114
2807869
79630532
3116022
4430025
4940443
35279843
7611443
27272372
5501937
118752003
31703566
11589048
76054
3897949
396398
478109
683701
11307554
557035
574614276
9372737
12431255
45145087
17470551
13931788
6963758
14652102
59697966
35295431
337814252
9762559
88394867
5448807
5604686
2217351
39923
444667
39165955
352699
46427424
3610353
4274571
10719953
103317427
246657
45573146
17103654
23966676
4565040
4441182
9554528
8476052
4639063
3036543
18939608
8856917
171056849
10336324
77195494
267282209
7726064
25680117
126858869
41073155
314823
6642301
579876
7173438
4085802
1511286
55667109
7605148
78971904
3061681
2515351
32818035
9287370
4959748
17064854
8228671
8588578
45658777
215050
53618730
85909720
26426922
67415079
1223809
5925535
41395223
22141521
5841159
228731374
5152320
17777454
4981068
240122
142616546
44643
9897527
8752864
26150210
447628
11037314
39434192
1569222
4011759
6249904
16375693
31975406
8412834
260346
9969376
3451085
9365273
11531058
66592701
24465970
21719723
24211
34766300
55604720
1799239
9718813
3551013
696060
37736759
21399225
125592
6930695
2353314
4648705
42350690
16416
54578
2611071
114441158
130129140
909253
5408223
531714
1187572
10565402
5896006
623865
1826143
48378622
5034106
1378073
453050
198399552
29217667
6633191
22397689
59828973
10959200
365946
5008346
22087241
131944798
57875789
11584938
1698490
8651545
3654479
76566740
11123224
41750083
3307582
26783941
18658445
7918312
58298563
7850233
21362392
81472595
655678
5893760
46839790
11012592
6803209
4582100
33796660
39880286
20781088
81821340
25431805
563639
2437847
9446385
77887796
64272285
484693
97259792
14057890
23882656
753751
24262744
6046335
137231173
5675176
14530938
7183852
4972221
7947657
79450694
7883891
442706
39400550
21986332
11229856
47677829
9124891
15086974
4327928
8395852
4357649
8018458
18361896
12643879
16170220
954189339
31930986
2380869
37612915
3118563
16216
78689614
1487863
665648
3604764
395894
27279358
4695354
15391297
7670516
26750084
1207870
6128843
15475983
43888222
7526755
1151492
14580619
219358
479437
4292
3491335
10385526
3087488
15267580
6144519
22806577
13975761
20693106
43515
81027378
14319233
3948947
3774414
1609648
20941175
5746814
6425946
7343113
13819046
153596
5134384
86750406
6117367
4986643
1984264
216681614
19267389
98669873
3331312
2419821
5586134
8568124
49393488
18557035
13730942
854410
4835027
28808218
517265330
22168859
114190384
894172
419090
3264696
3074952
1804301
46333535
3894303
9896601
3715403
240096
3431318
967678
311052105
22082590
68761955
38959737
19199098
4469600
10224631
45419258
44343
11965604
1338354
11178407
10600688
181841
22937499
487463
26403168
9066588
30634628
3216745
192302755
21304514
6980550
4348848
11251111
62223349
15236867
27453005
28001794
182442
578606
760136
15099253
3437937
17125433
30210802
94231454
40851085
14570325
107544807
7765633
36463420
1232563
445204
10276082
4671789
103289108
26644179
20165321
16546215
79333128
20857244
6658648
42067143
13224388
15904223
4107111
15146121
98027
2238663
103266548
35369693
3298522
32366517
12297386
51165256
626505
2225040
82219126
17681040
2379970
23634289
2162659
5645732
54871972
44088288
3010109
6462912
1519780
10102561
829618
38625371
25779464
65872514
9268577
16214460
18381866
1065446
167570254
285390045
178213407
1072302
1523940
8177345
2859105
364685
124092406
8279875
219204260
16151435
59562220
17880238
517875
43640
2394465
3008142
5176199
18670271
6239826
3414842
7117994
350998485
7034238
5530199
12996332
3714999
52591344
5660275
13195091
30716585
826481
1767452
24465831
26866
45086939
2321382
10331564
132236
10281095
18352822
23247228
26787134
1920457
55498326
3388680
445679
14312652
552726485
5448952
4534051
4350027
1615699
795199
10736151
12206174
42399132
48919459
2858999
38167704
15279354
72157715
9456391
89431074
17266692
3032888
6913008
4598454
19023046
4386480
1042235
40149509
6224759
80611397
6619046
2177356
134641226
16939734
97685262
41782038
36574414
114506103
5930434
2674772
5697166
28340771
88298329
73241870
17030408
12671809
68161500
139995
2993106
1892426
14865054
55341850
42377979
25098871
579315
187447516
7634242
2460896
21589805
72524031
9017714
902263
3225192
87071
15124316
101106655
13772352
5197937
21430363
8741100
8900879
18392774
5515614
10394666
101376877
22662395
22140
3684844
1657571
6895839
2734192
12559006
22760713
614420178
11464768
115770588
5185552
109352036
15347609
10847023
10193196
60033359
95163554
4832647
13658816
6803266
178972
644464
66314259
4054953
34289579
41872686
5002404
5994205
104936785
49888956
20677147
48025500
11219530
98635508
170075642
889295
5611711
11798520
9209756
5706757
150894126
16882451
17912661
3347060
8724018
27144514
987519
17970499
8398143
4020142
1377317
155754063
4918541
58548758
59441780
6335517
2923543
5391120
57625139
13320739
11556061
12188931
2166692
3174464
20674197
2218661
76779302
12900439
44949188
15578736
945589
6202490
4523666
90018597
122811029
1483246
1059910
5034988
26502553
42066234
24727968
30589943
11881980
5189684
5401600
7345170
6178583
69542734
55091
5038655
1608076
10968531
22740736
2053796
7737244
15489743
341856
12792352
14487155
42311240
15109505
48069573
10303822
39094330
2700560
6732197
2259445
25027159
34070946
1370337
620072
5612571
46906101
5881644
3474025
22085643
2948081
1419625
133557
7089601
28161945
57969
15040530
44458015
11198265
457406
2693315
20282279
11076793
1860020
14347209
23078642
239090
36188844
3535095
72103491
10473515
54368785
3163980
148453769
55357983
3520300
13203235
47977085
3255092
26671801
3256710
205922
4646196
4426588
4061183
453991
28890124
4378118
592166595
30824517
2723644
4058714
46055149
28253969
99490177
10202867
17195971
43364307
64254
119815
21966631
34497066
43230788
1420031
38918399
33126313
21077474
9275818
2478366
9707605
360382287
37859007
7848873
24913047
2587059
67027782
6898475
12953237
11828544
72129485
31231202
284599701
51654248
3299093
7317710
4385489
3589575
46092316
754222
744937
1649129
12792360
9871730
5651354
3214176
11321592
21532266
58427273
13558720
5330993
4433635
14798520
2667331
4222994
1083977
78038006
41289648
6760062
3469703
49556233
16976274
143301806
44942029
11651173
13037683
2242938
15137314
15340314
35306086
1007188
25446324
2608554
10860527
22227645
7261586
63487091
25986314
41140104
22387246
165615721
21920854
12203329
3190173
2667058
95181129
5190178
44294488
33379099
12497551
12250286
4734770
240813
134510328
31874634
136009237
1688431
8588193
38693030
7997668
3129350
36126199
78924434
4893546
4831827
4340125
342428
709523
7819117
282644
2877139
3334426
11843729
7718368
38249574
5579636
41074143
9674002
15668482
13607428
64634643
23206580
2778752
6829537
846959
1095791
201008
2425382
8085157
318920
2898226
1174329
190954631
54861869
8737762
29063289
16581215
528442
46462689
13463210
360740
28108365
17347394
5682740
40672016
1223215
707492
23889520
70373551
20308006
19671728
132571560
4543671
22821787
324778182
54893106
9841056
6015318
748496
6472925
8606457
5185780
7017405
7863344
51269091
1213902
6906686
28016567
278818
6660679
47294818
32478200
38764
10471281
1195258
2666979
47773813
20290683
66839118
15913561
159753429
4155592
7920072
12057267
28881631
45263072
155102
20506038
95811413
2953543
5803451
37713001
82039453
37740587
3154088
36401388
3777196
2148149
6567317
2938357
2784221
11873104
1051759
24788871
8253085
332516
6960409
1783520
589019
39461187
24140396
10039425
7305450
3765208
7728557
2919454
3038688
3546993
7487388
4302100
88652
10187146
1427085
6829501
43839263
117754575
7673232
8334600
46283269
6932121
57382969
19495585
11740339
21535290
330559
3625268
14769210
8091519
282211
1739525
9699224
8508063
13328865
57459523
226754
6590783
2483779
12361025
5264016
12871915
2799665
8980061
1674304
2167567
13307127
13273314
399009
4151657
732447
6575827
12790981
19420492
284279
4253572
48967981
20192866
96785482
506889
291758044
19800366
6234000
13486729
10119586
2183197
3046228
26484827
110043500
103254
1429278
110360964
4482698
25934896
553061
31780234
62141052
578724133
43257892
6582924
39008966
10146166
18145744
61465268
2375519
14977164
10388579
39091993
7973234
2921540
478085
19736883
37348796
2896710
7430232
13609289
74925963
31300743
21564331
32796398
9608590
2764710
1871038
143339471
3299253
597516
123605951
18219715
73501629
6676006
8025380
12284266
13022460
13944610
17221773
115542844
616151
5934385
103450157
3356119
5512788
4690860
3132064
5217155
6195327
55276279
7290769
6780861
849750
6040640
1176172
961048
511184
60598968
11289884
29375582
301787542
7512624
8246207
8236447
2567146
48639634
56172349
932267
4863540
19490408
137733907
955795
1595162
87904
2339540
7821871
12147582
27969855
53888146
1328647
552616
6985482
62520245
3631428
10185537
6122403
8293686
35222928
40154185
7320858
31726748
4434624
11541485
8556581
17140966
5660645
2650303
558071
4182426
15947090
5352257
744473
6386651
186182
14512995
169797511
31821515
88500686
5492392
8697177
28971574
200404
52490029
35374241
6145699
13689584
9806070
13051409
7973040
64758381
8949636
28467819
14723646
43430428
1186778
8450928
4417256
6622015
5914832
4139845
70040930
6278140
3942621
2914072
1922399
4494737
2869744
1911893
2820227
313954
6289194
1451602
7617512
1009786
58524
7888092
2941633
1984968
294693
13184683
379755
104942251
53817955
2951234
5722543
2065831
10619805
4386547
2988005
8667584
16983474
3244613
19225460
80226932
3554333
528405
3423166
11456695
24227243
18889710
495586
245740
7348602
3686028
3406248
19195542
2548742
1594962
23703740
7775861
2648900
151209351
5726062
60133083
13561046
9990856
619047
439975
4168343
45043502
9337311
58983428
967485
3181850
8821892
56615370
43753872
5714196
20341834
33043176
3378907
7785993
9135781
60821912
4857660
12087949
34232544
130449
522399
49799300
532920
56330514
3781300
216207022
14486793
26378975
2459317
23570
23130922
1902001
8915087
17909024
4626021
2462091
2254467
6292467
12655770
584916
352629
27986916
21511273
4190367
19670033
39113908
3141669
635708
11169700
3568288
8809763
5538898
477461532
3890707
23458586
10165025
1669814
1579704
134625
35701475
27874395
6154857
25874384
1771941
170377
35112514
7346126
52957415
13296014
8373343
7944105
51381293
21629292
86345935
13230733
41475122
43220900
166826944
639016
19232005
54844850
7295416
8961123
8043162
14289334
4403412
2427764
3261473
15086576
51951805
13535594
24284523
33141704
5765397
42758335
21713869
17894422
6070296
4858561
13826274
24421449
5476865
14869876
15938721
11435127
11156002
449959
42980391
463794
65193513
131095195
4712664
19630601
4012570
68835334
41826565
17721655
18839942
29737246
37243899
3944226
2310827
33963022
2013562
8083292
32245
993566
667984
14274981
3799926
1665652
26476227
9157050
15205049
6943584
465756
7555213
28444643
30773
3821576
3108954
9207835
110082
6692061
13567333
196386
2324028373
922529
3197832
27672962
20948614
50212795
74524696
18140557
6543711
74220753
2994909
47424861
90644316
24074099
21003
22844224
40980
3277462
4365958
31680530
799752
19057
87041585
157082401
2017066
48473797
3324378
29055917
9386045
4725455
9913122
4191984
5650271
20900906
1229793
38254334
459877
4076286
32260886
6200677
27877992
14991159
26015576
6673761
383417113
14810
38722165
3742518
54446
6784171
20001883
14871815
17967979
10359388
36876080
6648083
7764501
528753
29171057
26304827
153017826
4311146
1789854
7899034
4458272
1028625
10357706
9225224
8133267
1959455
12368974
11532106
1245075
29697202
271417
4483212
4977764
278789105
1125362
102935965
40892
6496731
2972912
110133807
53329606
163330174
1992623
16122636
433297
16867348
96250426
8070628
28605052
11901466
7137443
1752435
18585027
2683205
69748706
136063528
7669886
167114501
7718347
2628022
2692561
16529777
24574342
72006655
61256611
6919902
35158438
2833860
34599519
2024642
7471718
10137659
40118449
6466248
6655974
3709799
55078838
17900510
11005125
176528745
738951
97853
1480997
25701604
38071999
21808250
3926975
10046100
18751796
12336948
175895151
46635442
14043245
79970230
2021487
68754631
22709608
33807608
34409257
25630830
29885615
42431742
1061421009
19026310
18602935
28120619
11033
7696526
105583485
31992707
61015828
4121645
19851348
6188709
102568157
33495
2862198
36962028
19582032
55794371
75257292
651429345
1729763
5168776
4302087
8582134
5761633
7047251
62461031
19546810
48840136
42498032
1104502
6528714
22508985
98200456
23322406
1547723
11063628
22151614
6059242
33963
41670629
22613245
28815223
345273
99947289
25575459
6396577
2028442
63922425
48283451
10115700
6030978
2852453
5599756
10734702
15585001
833434
26345910
32044716
6677549
39429736
36722206
18634024
5468832
70655820
3426070
1992974
146065137
7767043
2100935
3815525
34459527
9046425
62371642
39009613
216130
3589513
33988594
10086154
4115747
6567386
1877731
6562815
150073901
9124477
8077749
187030446
1333303
177573518
7557867
24299116
277663
16999104
19779397
14249787
81402
14032377
1970029
1248541
2017698
7481175
6250651
21870511
159819738
1427721
1021641
188773556
30324637
7152486
6649655
5077994
37009387
7275977
80899435
12784975
2383174
1962548
20765085
908729
1828520
32830371
4882007
12749608
43967034
36665431
1623456
11995460
2827830
29484157
1988212
140305587
3250982
16602329
92990
1476103
43460519
12807746
134513341
24211045
45419823
2612132
15139805
578311
51945
7303496
64979086
9012395
5608286
7032891
7889570
62289927
12998289
3727711
832517
112041406
301741
7940030
4198623
52946
30556268
23868051
5750912
55291612
900881
5816344
6178464
42159344
178827365
33044951
3935782
37998078
142368629
11248356
1709506
24224040
4862203
9568375
5785557
11568209
26577971
5984299
1752206
115699640
29003016
602617
6516611
93005333
37533502
875148
6538010
36888959
10634734
3003311
46080924
13079834
52425932
17294213
20134368
52019772
1669526
81958126
149091480
70545399
4879801
10209471
6308004
11830568
3371776
134084639
5540782
9768370
45900967
4400583
1303471
72172535
944370
4128665
32659267
145880024
3056375
118617
9777739
149695643
3912669
15153608
59787741
2898108
200268029
21469774
10963904
1282755
711113
50637983
7943587
6255600
9200001
3591598
13517181
44179370
417317
72551219
31475
59132937
21184383
27877571
4846093
21413863
3967776
16943896
65087
4672548
10620882
14138955
21494701
1052848
5632250
526891
20213702
296153277
282895511
7972633
22347537
40473479
56498065
2535629
41822679
7908843
9915283
22183990
10718376
6823605
3121546
636608
52579869
3331244
6772251
8157079
7101955
6774905
6779883
2684671
25206694
14474843
3276156
3363167
206118
5759745
13487149
2910938
42478101
25341471
602942291
5664327
2085853
32275496
6081745
156495687
5765759
418486
3240
3780998
3879651
10241717
27459548
40607814
75002567
2446420
340526
21822801
513586240
43564393
12631824
12914112
54026704
18947436
102673
20990197
5961649
24125308
9724837
77088172
14989385
37043755
21106670
134909
15002917
6801239
78491750
4778622
20413490
1838351
3692514
177558152
45170812
39750911
1219370
41473884
722882
11254
11873637
6718601
2780959
844183
2375781
23632462
9940969
1309158
4677372
99354196
3977488
11472861
8959256
66709973
8623575
6446581
603883
8602788
15664944
3706775
12112525
23631568
677880
22811945
24396129
3276673
6780091
23694674
629429
42417671
33505840
62217625
7472238
333503
5737533
13065326
4026845
91931
20168586
11777173
229833
97347003
5561688
3944680
16912435
4825744
7636597
62559159
16656664
30129
9820384
18414250
3446621
1254826
9183339
5946834
21417633
176482
2745448
1646733
10404548
234851760
467703
71455605
70311828
26027506
13493656
25511141
15189746
19194756
2272222
7213656
12400940
18543438
130799034
2498489
9507130
1529054
2290962
95898623
49261853
14755420
14722697
5980797
20698397
83051
24547787
85083340
11703214
14463307
58979490
6132242
10405
15450458
48202030
48347728
18380561
72873606
79964864
1713323
9680442
2653261
2018590
2156032
5971274
4446958
257725619
94478818
544330
29357270
446349
6092963
985537
8604445
117651461
2621459
54003695
13158630
12803513
4129758
6596201
172353771
262444114
450373
3508864
21821341
25378712
5485559
121300
13866867
5013098
525534
3809294
4263347
9743900
28991798
3676271
629973
2996978
36411
73219129
31937728
4112472
4958327
4035343
653922
49694349
2844441
7080485
13669405
3694970
16565481
3185728
173623
11470405
12702276
10162239
3146295
17354412
6672785
5675955
10022245
34089750
10791536
37670086
32831531
27882
34717111
2581395
37169516
1444602
14730914
22144619
21955719
13525150
30126723
3512403
6453340
9583690
35368968
2812478
11742851
2183958
53956
6523817
7055861
2602442
3274869
2866784
4613889
8449567
10242132
8761154
9862488
4196150
28021
13469566
225818
13965223
371169
42964448
1056548
4501234
241161
1571536
3014937
2272476
42814
27826586
4110857
412079
555551
7763010
1961337
7131739
32328463
170694
84801070
92141
41645770
12550129
107832577
8315546
15434917
31130935
10519596
7692689
62784118
8950806
188026
76773289
207844366
5999689
3072592
13750729
16658731
1763379
9645066
9149708
132459
20805372
96689493
8634399
23319108
4659162
1674391
1903081
2895976
5104868
1956442
14968147
6694166
12822383
109993506
7190767
203398
82393333
14124335
12928483
1034944
4216365
81430156
2080984
4670674
7220063
125762378
6592267
1731
13343994
8978748
11175779
7691128
223845860
8146428
360653
100816029
28046715
13123555
45620716
2994015
968570
8567977
942190776
80078262
24944280
60827374
6166776
2549534
156228103
1523962
116341035
123217963
5575515
716632
2388621
3371798
39629848
9397796
69092688
755239
6221347
1078477
35287616
5805612
7905911
318067
16794407
28670268
6228995
61636939
15695214
3265509
22503524
12380199
7462827
35383402
5307982
8901845
5127310
34765084
12395454
3745211
1757305
1829683
22730126
12837627
9694104
1425084
80927444
7884103
1524841
100223
9221574
17052
5983695
14317841
8471216
53910519
543795
18480180
6785945
35061804
161898527
29271075
541438
99633276
8879808
4126744
10402824
368448
6650526
3472540
9870952
2983834
29064112
11350793
3284156
970775
14000069
133372267
5778457
244568
1447538
13644559
50277
66898839
9899388
29774902
57066
70444
83949223
4900089
683881463
12033620
138160311
6027093
1125013210
6658098
4749469
7194307
6719363
24308821
26155110
4610908
7564245
8495025
4572005
14910288
22607029
8275229
879467
13249198
169660
1887207
5499103
41112682
6103411
4247743
46423718
4714420
11588500
141393076
3512376
22503064
53521986
6599375
25677406
1669565
5471316
1927221
11603837
32466380
33225340
56760830
678959
323219
230112327
14248993
10407119
4474683
18115905
3162255
92151011
5093659
65265664
31763003
14611553
18342587
75258535
959496
18577134
3906657
7126040
3212807
37348468
7443788
17987846
7867648
2219765
140552222
22624641
12682925
2393212
14791847
11728340
460679
7112566
54162673
2459347
13090360
1238983
10967631
9728758
289190448
21575
8665600
86159287
16034690
22663976
658686
8160733
4089777
13597593
23578507
131650
17429559
7266150
2595014
47031223
472221
482976
1549109
2106340
31073618
4735591
60003404
3633303
23679271
60548520
79375751
28668559
5217042
72135
7273355
36042643
29232561
2411113
16075710
60571
220352468
16135932
7226796
1684254
8606725
30914650
1488739
3948091
2640305
4391765
385795
2643585
6991419
268227
48773465
5576967
57682953
40013786
161363987
3169976
14318004
1736488
13854285
9668092
268490
554156227
23669
16519565
72159
1320137
23553577
3296662
92734155
5742100
3988022
62813193
959313
28867442
99728
5301242
227111
69210554
4930829
158342
51771879
64857491
16962701
9472200
1835635
822837
10055786
63541983
95170627
8541985
8472546
38032793
6695350
1840714
72672688
4649452
58456139
44177690
658688
85110345
21876840
15153008
5266610
13947915
3056244
82607936
8477559
129973316
252771
26559869
407252
14012305
3378166
8510217
3946160
2145201
307783
1310485
3346981
10734353
9048135
5633
9426275
386876
14842936
133995779
5655327
1282722
20480
1776892
20896364
31782704
6447997
2576053
1994961
16982624
21257151
6009600
42690476
48295309
2530346
518715
39283981
16395139
40598422
7229267
7602756
1281623
103898682
39939718
11765096
4844335
22402707
2694956
9860258
14786366
38404091
5787009
1121612
16055738
3923101
13764980
2896413
1441882
15018313
80769389
31316896
18991081
7496232
4913145
4589312
3160403
12267972
31011367
10624320
3229124
38798674
364827
23563098
123266653
144098042
25543103
30074332
34129419
4821208
1872220
6342094
28832975
734437
5892660
698413
2381875
12316775
86583999
448068
18596609
2566445
126182624
692894
68141504
5391352
33368356
15880461
4079781
38353012
2148477
15373863
1866276
852347
26714812
675439
12036893
3307891
1132790
53452020
2946632
142657766
3471092
179074109
5716115
41439038
361651
697216
11196199
30011291
19013392
20751725
11013258
2762269
217794
11419470
43349783
10530865
85374323
16975886
31018596
7853575
11493321
21157604
146853643
9512834
2831406
68509602
2787791
1861550
1016576
13391551
2559034
10140561
1082937
9380252
8821520
46454654
11474598
38340466
7147910
12237419
7937327
22268689
15879243
2574645
13330848
1619018
274985
12219492
8697994
12273815
6473554
46082761
11326646
22987936
36486151
96310
40963569
106693205
8037352
279074
873364
132072405
19963726
2028833
9528684
60184849
3335586
26258483
6276125
39114749
71557842
18385585
36854880
65126999
10634654
3551869
281555
6930399
34653430
41064487
127342559
3266387
2495885
945319
1886118
24699559
1656287
24793315
139093649
43441653
15128122
383208
23201704
548689
138563924
30777484
480849
411451
12864698
10329031
8251218
3890612
16092472
420917
18409516
10356131
54611476
33074982
36385015
3839431
448694
517098
9273961
4957072
6908844
11571340
83307705
28007302
98290
16018171
66475094
36439
7816369
25183655
7658350
16603300
14982303
4061753
36310040
9286914
12888845
52870062
17098178
55481718
154615525
45420678
25561374
31584518
20510589
162256265
105384
705980
7696913
93553069
57875367
1740793
1667708
3365422
4233181
3078650
6212144
121295658
27886014
3679811
260414003
28282988
5844463
14496957
2394264
653430974
2841494
73563802
3223766
5876988
152046
1737359
818716
3711262
6567196
3703421
643885
33210
12087667
3229165
9317509
63393318
8419146
692130
613164
1444089
1049470
18357755
370488
2609989
21351921
14456373
3683203
43356217
3485331
2484414
1038731
21505491
247562
110530677
9645723
15131413
126125655
143264936
18198228
14117916
959312
43180311
13171883
20216411
2466631
5674488
5194918
92682000
387697
12038434
24120761
22587544
10969676
10441707
46985695
2216098
11795821
79387885
107213387
8922176
10607110
98730283
7237278
10047622
3838708
10609058
10354433
99668245
5540798
9702864
680820
55371
20634076
10552506
1739550
2437971
491039
3779869
34566420
138149673
8239539
10271298
6786998
22152743
10085846
768818774
66170002
18670848
1805746
4352470
1451973
2322173
28046136
3050745
42465751
11338564
636730
3264898
58338161
14104
85652239
45181782
136428551
9436990
170787566
9838565
275756268
14525037
6835460
97886450
2762010
205365
3848364
4183849
4251675
4202393
8055973
15131420
11160118
35709304
28047565
7742693
276713130
15932132
12235148
9802142
47928410
79681523
31914685
180326412
319802
3507614
4434107
115195579
5065621
357817
51127755
21783727
85488378
27013385
4416228
1056231
5246548
130925288
27723427
31260962
2136117
5983552
18373635
73647
3439568
9791733
16769455
36995083
2556977
151893036
103082240
6864599
150382170
2765757
55013
1469185
49075
24355721
18021908
1051702
8774104
3056793
6995602
21578711
10864187
46204
496381
36328
153669327
5756497
1497462
857414
88095677
508687
2516147
72594132
13454532
12498562
60678484
22284146
4735613
1794458
88432778
3533925
15151199
29043871
13658087
32619063
1174437
10573361
11854917
3086720
9767828
698385
35320885
10739333
2382633
13672512
34687181
6198985
17203129
1326177
17422198
1007341
130808
30643830
6576775
19960791
9214443
3136956
1273256
33766429
11678295
1766875
385226
54441602
5068271
43903519
6238536
134509
434405
3256614
7990601
388739516
58793293
33464540
2097991
16501927
11750892
9997245
10543691
5547800
424258
136333095
18606617
18488543
8085570
445077
306158
55568508
9163984
4477863
17525538
5884217
13252609
113065948
11276095
52150713
13637827
1905664
106373122
6114308
1194662
26287084
7157280
8223374
1445270
1086666
1159932131
20554874
3750124
855865
31386875
2832053
2281942
7651002
129778432
33224288
46999636
129670554
20910727
12653511
270861
604092
258009
1579554
41745799
1998940853
10978842
8524193
42798262
689311
17965401
10525256
5637090
470905
14485954
76766347
68513040
9650939
9969958
6269795
172628095
5752073
2772219
2722044
56297960
51540907
1673194
377571
656503
28596082
7665321
359194
10313800
557609
797516
9361943
3943494
143878340
10285958
3584528
3736606
24346353
4403650
2981563
2393155
2586462
2668409
24856014
27970611
22887576
24607384
2346292
255012673
92657030
100507251
14367486
19758405
9370978
612821
33283371
2974940
22552892
90318979
44955403
19072655
96454070
20638849
5776597
16531936
9407804
8423238
3105223
8058205
3656265
8064361
809101
21302123
25266747
7454860
196770839
14553909
12835647
29771176
10477246
294023
30240742
23229198
27903076
2323075
33389010
71715910
2357941
21189381
3719564
4540435
739901
16814356
7105273
3753873
2300046
25544414
6771222
9578663
18014943
55994973
43771999
12169674
149139274
10879409
13921205
52282365
5987495
31811760
192823518
57483309
10360426
23469066
66956423
55036599
1397406
5863410
56324923
24601210
1888449
93301188
9123597
3886648
95406330
94104411
67248167
1594079
64200054
91703223
109998590
8702932
72382517
149648
14358220
8938163
84490424
4786213
1002793
1595743
20151
4529928
6725724
5810544
2746469
622751155
2922613
324545058
5613852
65552784
1652381
606133
2519112
5629078
135321
3197809
10633129
5791777
2948189
91995372
10423847
45337480
11736124
9363044
30146958
2251826
36569684
4474574
61404663
9872826
2394919
2401486
9076532
12705372
3961354
15323463
7669454
10916272
24653328
46642053
76945588
3203678
11387490
58942
2896312
12705445
8274676
541766699
16426034
2862727
4944249
15967781
722054064
10777094
27296423
8252820
39603683
4784099
30911148
16359709
5806642
1177855
4614041
18193365
60941412
1818513
525217
16272360
5634580
3693871
6188242
4044247
1479758
8280041
6181581
29355501
14725394
7162592
35401238
17755968
19115364
53388223
8453978
15174636
12467508
8796387
8763693
5880761
7840534
231234927
10736803
3878120
7890533
33656564
1942487
4197343
63779406
40594540
21515835
219510167
61218245
35856499
16696200
13059560
22493803
25189331
210963031
10686685
7024305
3584425
32206478
1656306
665537
6231613
298209
12664081
3702662
946884
2636700
7092636
3485962
27978800
2785676
127857067
937155442
24693172
2081585
50498366
88918390
3479419
157730835
10608115
4932970
9785057
12761554
5542156
865884965
12955804
32429355
122549
1858885
29013817
1371151
3535784
39861025
7497252
10803486
466413
48237055
137722784
946713
80237985
6032868
9561368
6642056
1962791
17716815
13199912
11187476
21099068
37284089
332046035
14156545
79065426
42252
137672
125199889
1722300
42472249
3870806
6275550
8282294
2867040
41088136
17021478
15793258
10489209
19125245
4487195
21092838
14361615
80350128
71399868
45556431
1165187
25424487
323879
6644563
11639364
10193939
10831649
2618671
29797105
90441
12342677
131120016
9708718
15539485
1413591
105715031
1124356
16064025
124190162
27623518
2375929
46259777
3707271
37286507
19131396
21663648
26422009
11298677
9459509
15193244
66648808
16183385
10343242
28079251
12312906
25067572
932157
3810038
9815969
102295425
23857111
3356530
4518469
119023778
3350191
3338208
16670905
12454394
3486312
112487768
19027801
41741755
77231205
20258403
97718158
25235504
2200084
6470337
7364244
13923766
9760453
55767817
204676208
338214
3437992
5025449
289374
6382741
145021
23938703
6900914
1115574
4718599
2108567
50324
225074
60210273
338556
1901183
74769049
379118
2419340
2239433
26241171
2117251
274864484
1309128
30309
4866872
117421291
8116330
62589996
6099612
15254039
88244
78802948
5137975
15749887
9243780
5230038
310537
1555510
315524166
6298804
28701258
7226874
61565563
3498379
115086606
33013
59679967
20078933
77289266
330661
16767993
2202664
957776
7084547
8045637
11578831
80101396
13447071
20415832
7766851
24607943
67743611
29772
7170972
13333717
76308
105819154
9632649
22839526
9526044
4778720
187689
1294841
17371393
57023
56485565
37015484
24829636
55046790
105841119
25308455
34190787
34337324
1256195
4013956
2671
901172
43287527
11340243
3349859
1488590
155195826
72177813
6634806
2375631
12574
16414157
3758995
5553872
41493462
223898679
38016247
208
1055514
1068717
53355343
10984207
6016397
6162088
12834452
13104294
764608
454957
689810
14658715
156096411
19589269
247188
1288800
4462962
102366199
17956555
3407044
53727586
2218622
17169192
4521221
52287672
22282777
7994815
2097115
25532473
463607
6459078
29105503
12587902
3014139
241554308
503473
1160849
5505782
97524606
5162764
50098753
6767780
20333429
42812809
85079806
1420403
4994258
77820186
4466494
17942738
68054996
61417612
2785927
16533111
21099604
62908748
43555140
872682
36115328
74809
5178803
702888
10992918
38341252
5886230
3881249
31582896
39135538
30849782
24630308
17427200
2959984
5348100
10723318
52054208
4974978
1033982708
38508898
2622719
48596642
1022162
36076424
33997421
8242120
78251880
146825912
3379674
18105
7275848
1047045
15917224
27985988
5832129
4512958
979345
23640742
5639608
535313
45951826
22519429
37760619
201763072
43631819
144323083
2855048
2248506
1877246
2291166
13268205
3124513
7949251
622095
32135407
8951841
7127449
10813515
4798069
11036318
8500576
2145459
2254386
14220785
5313193
10191647
4069511
30636513
4175844
13092054
25398216
62266
23961229
26398754
2158408
4606519
58389839
55849891
156796638
442429
31610334
49619722
26469825
910847
7590951
155299430
9654103
4019181
88590505
2091722
2972733
1872042
6640200
3593917
13760904
2713769
8897763
469729
1313057
251743
8290846
18535190
15208566
3994058
21520889
10690817
173258442
25564829
243051559
2080055
8048103
131757653
30021427
8049908
3359125
510718
972413513
8227116
58196338
15825579
9085054
289214598
95935129
1489053
2993750
27612269
43732272
2592675
8291731
4812809
7951768
2314923
29257037
158565
38271072
66809687
1137094
2828638
7888444
12579559
11766601
99094493
49922
28239033
13351812
77371629
128128
4342102
8697602
11575584
25979657
6244723
35495779
902971
32947136
19426089
47928281
68013434
30546950
78215277
3146094
1878706
21957918
19645069
58925424
8990334
832956
47850863
1555562
8712182
2661810
11116743
18672293
57499911
11292539
13932165
9246448
446354
16573888
44033542
1740452
10572612
17922946
2442933
6548511
6574236
4491922
85910947
250327
22186668
78846565
138541252
2475466
121299934
25202695
18207293
974707
298319
46320988
83789124
3389385
125895921
3819098
16060380
25973791
80305433
154817
2309950
7225998
24717574
5877362
4273326
4026731
1208089
13488622
19396446
52009915
23138558
3548206
2989665
10704525
21774695
9897016
4650854
3050553
3593674
313896
17276490
76620490
25610271
13156768
14398923
17602259
27623497
6160367
31496574
33883667
2435383
3716321
8655307
35424336
64518739
11229746
48270
13097880
466908
22921426
5755334
1293368
29427163
416265
2946551
10389184
5330400
11963254
1188378
4012547
55830
2305777
44025639
2483644
2837573
19769207
2691433
4597762
651316
37875688
554042
15342094
404277084
2013161
123709288
33733412
1474666
39378388
10133401
5144626
939591
2851932
7449452
35495249
311214642
1769201
6812342
16621599
52874128
19499428
4680529
21948424
5658367
30319217
41777057
5152034
126219809
28816196
62558
6675996
7908115
24812635
229650
17261466
53621084
29165921
1668994
73294577
835886
10332663
3010337
7074395
11320046
4157907
5736141
10173992
47837
9054112
79187970
4870755
28773159
52536569
5774291
597079
37454513
91188456
186341
48561014
60062995
4038519
5204390
31950164
3775535
3717649
12073012
8114185
9255443
7105075
812686
9064685
1406397
46678854
2714408
2092484
14038025
110966708
63965329
44743235
335774100
51411840
3274971
7098676
735339
131656843
26459721
1023175
12004616
13752301
149732498
76340867
66768920
610836
55810531
21059951
22735
43268626
61326594
11467584
2828469
45838867
19793178
7732057
2174586
6416142
53243112
10906558
40291507
2301329
45355215
15425968
240021
3799253
42883298
31610720
1898705
825564
26392167
97137
23303344
4822345
9992104
2257868
1877728
8539813
5665769
28346591
57363382
6623852
155532106
2746369
6833776
1043004
6795470
5371173
27685520
42456616
25543346
5023554
17613407
15444720
12415108
1650344
961088734
4701860
958896
70604448
2361882
19458263
6856936
47814592
131379515
766170
166867959
12026048
3426705
4300139
5354897
73912147
28205969
40195982
35995328
15907416
2081669
24282592
3743295
11224951
65242564
54443164
6715710
13705602
4528606
2835244
10898319
5912516
18878139
13669659
284551586
16434152
2431536
2696710
1800508
6280910
47743189
9689708
21220534
9176675
43913674
6639639
5815238
2678615
157241
13496804
66799513
22488862
8218334
3647999
6528164
5236841
76029738
4657154
5869896
44869227
116614919
14988321
113856780
24449068
2070630
34980122
93505723
1402460
4866561
103485015
6962302
55441
32779568
69759973
65338
1502774
5913762
1013424
690965
3094231
22374742
42608698
88392935
10578876
66816482
24485548
3747035
88936601
5257016
1450886
56064897
15531394
2614824
17039501
210175556
87441820
45705585
4770436
15830138
91487615
7143
2209012
1285483
155893173
5213072
6619232
440502652
2714090
6603566
10906
4963354
4722689
11631581
25475351
39606447
6598489
84971205
22038142
26712
6398651
47195381
12937965
1660878
11499515
8274273
7369230
11621229
483426
11638504
1645667
3769844
4765490
1297988
34904357
153056683
16107416
23128780
15539020
6079925
56539849
4258523
161007957
46187396
2001039
19591056
24251761
15927342
38113524
67947240
7264608
39385967
4907859
127268550
25137378
882212
33644170
835617
3270691
13061425
34773833
183002979
1427422
190388734
22996594
8264824
18739211
33601
5218997
348000
29386274
12431379
21517757
21420157
9431990
50513284
232483884
1891722
3155346
36245002
12958992
1786563
3310239
1232918
14989857
15891436
385061
12819696
7727168
1953198
73008718
12209791
8231826
24142706
10079454
8312659
19634181
2671898
4101408
9752462
4946595
41997142
3133363
2376995
6430853
83284392
155674186
16480218
29530750
16307402
80957661
33381506
3395792
30418807
36690087
3962319
17294980
3616455
7936714
4201414
1857020
2597449
4399679
350686
41985724
7565086
28715129
39859088
53867395
4743901
53326341
6273378
8119451
19822987
774145
24286446
23262595
3381835
27200901
3271369
1324092
3790371
2823742
219283
12764810
278851767
15903749
76353123
5525666
3774653
108220162
20848158
1172237
20487309
60044
241275
9622357
3319747
5980153
22091413
43841372
5660864
1757170
12637589
9525676
9579310
309581
10447431
2921266
33618
147536072
63432724
15914797
1881844
7483892
8710250
45064264
72226927
104781851
16874965
9212439
2023861
7006207
19575330
4583711
21212088
10904368
23581773
33339051
80498249
11736124
39176012
5310675
26829289
45567
23487853
712492
6219090
8562139
2933721
53319796
2129105
8123936
1626597
9362682
11427248
34331699
8216356
6664294
1664920
2241385
2139583
9051406
5051808
13947597
24712948
3603613
5419471
1902802
4588780
6132891
71479798
8861005
40773558
142232168
154546182
40468553
19779328
83049289
4034192
1222575
5966182
12905548
9981052
4370015
125917186
121059
9132013
8469127
5148596
74738
24508686
269242648
211020921
35757416
21500185
59681384
286246
988411
39499706
40659897
36109108
3431228
475910
24459636
3083810
13967237
63067703
35422055
1082346
6293440
14960223
5868687
5783758
11308686
156961
47766848
48835107
1860766
16358513
395843
85455400
84042020
96747834
13762304
542374
1843136
71908259
6876442
61915183
17645909
152252347
64845214
82164051
16656394
19498847
1674568
18399629
479113
575821
5964011
28737791
17113884
1465050
29834913
14115
4675636
46818492
20815391
1060629
6678344
671190
1000663
19637435
8823053
18244120
58951799
15630041
3164464
54672406
815370
66930015
3933124
60627285
1134097
662846
15379363
40445957
20286276
22254968
6250308
10545876
3022766
173412904
1408622
4934140
2313360
60195349
18934012
1198301
9606777
15943144
23404529
2418011
7143657
6341119
10106046
7604792
42381083
4429598
210781
33970
3021572
3723374
638513
1978023
139888867
23844984
7593308
126728653
5637718
2238996
13656237
2330784
1290698
80318337
1996302
3519015
6625495
209398840
110870932
1356349
27204673
9239395
11160063
11006458
2031258
60645084
47659516
65694651
35489060
6475407
5486539
269764
431134
20198280
1113821
3630444
2019345
1687415
6186981
47953939
4767823
24735596
8561885
9199569
4714558
243736666
12032228
9343578
126421232
279145845
23297740
4624395
24635946
4307636
6091573
7463406
2591757
798962
62412084
3163552
4971685
1254722
369601
12442698
13255287
246486456
19189797
8521381
23330032
2671514
25671602
347510
29162690
1381082
7094441
17634229
80142021
2390944
1259399
108506244
9893792
98833
36290071
64214238
4137005
4788414
13262622
44514383
2608325
3012206
2527936
5239879
5148051
4648823
154247995
698703
2653634
6810092
380513052
2318799
9859491
43060411
47501572
15467004
632902
4871318
2014789
38894198
10758832
11781053
2846962
5590565
107128163
177871163
77190169
12242098
11221834
84964355
13136720
399249
28571107
426091
62180153
7774181
86216218
4250670
16437836
7953090
165738032
9260851
10633140
9432171
36597881
3122438
121270080
9616675
6953358
9960204
9271297
52989829
20165017
1891403
7668765
31349328
2888805
12567555
63836
22267100
30433680
22858828
16725079
4785558
8052629
70496101
143884505
5210283
1071549
248740
15113878
37917339
120584509
15650525
21351
913574
430566
316900
6930237
6483481
939850
23350
81266390
5734509
136018088
4921886
66357571
17322084
2960832
3379177
9188637
2622392
15920496
8549299
39533781
15477875
9095180
48227116
3130201
8570173
5782877
5426543
20217700
30456
11072859
10829908
4187177
4667781
98376326
71468845
51180509
1506483
177183475
33973582
2101088
278727712
2445925
16664602
22566225
1525601
96844639
7468869
34877008
10345
4416398
18659876
3315135
28824822
3755756
68514742
3347978
8629275
5259857
38824166
4273688
2950356
3288960
984860
3827601
59767803
14918987
11004856
155664133
14503719
32796522
6710203
33059474
4110045
2444835
117649707
4961139
35954238
36692642
19070050
1716067
31064515
1654396
9601494
6521009
11129435
27708428
5416290
29933073
14251788
7053420
12010350
15134749
25306652
6679791
2377122
3663635
57054314
39018248
4528603
502678
3605299
8016943
35732170
16705787
1675244
224177
9078719
10825188
15731478
5364878
2950231
3234247
2356462
24711341
13097408
803703
1889942
7927309
10196506
1479866
14330777
100528226
6321400
43675396
9698661
2151883
20225332
10259591
8014727
6412863
5105491
41774379
4424933
8198206
4722498
12680350
10736229
35359160
5667887
29315358
13565319
11168730
336603
75711642
484774
4558724
4216354
3542763
45018274
865764
51070136
4274180
76731879
8120274
6224618
22629958
43251534
2139406
2035428
1435829
11980880
72770363
83544041
20056512
1876242
11326686
6459314
8948556
48588617
12183864
5021531
2042890
21670040
3018668
84586279
2453420
3209109
188048737
3823282
306203035
61434031
59267631
228543
46438635
924165
4101743
72436264
360303
3186196
4050095
7580493
5634818
4675201
15093972
7084283
22625443
3839620
1203199
8422290
132133646
5665039
30066688
1965261
1325358
9832
742325
453119
85217001
3590
13941984
5321049
1796919
14851227
27481216
31740918
50215
42678829
8099136
93304743
20015010
214661962
26051904
68986632
13753552
6235009
6855306
11854407
26190121
5538152
38655557
4065643
4374280
33821126
72241145
32065667
12674350
4652685
284011
4194074
132624480
132131
5340269
75514770
4450676
8380442
100009365
43927226
99705907
3391263
5517703
2942188
5373706
545345
3522472
4607831
7597296
11288622
6651841
1169404
19713408
5445377
575176
60941481
67532690
44069462
2087750
9001246
10301536
28744540
5136917
22028640
263511627
1254030
24893149
303107808
191989062
1477446
26669892
1333934
86424
28780570
6569046
10508550
80974
1814151
38201530
2210435
73761326
1496204
140237
24874370
63339145
568039
58302662
32991049
6051324
1007848
2524946
12412709
25470877
24840059
6091946
5862542
72920127
7038293
26076670
14028815
14783757
20245493
2548430
10362069
40589266
40531438
11428004
33955872
48334539
8029719
14346551
3074350
223997665
2891059
14267108
307072
52201
2276045
199002429
23933272
1272596
1907610
134658229
1108079
216217
105921379
7271306
12055911
4235347
215869867
88650030
2687146
6116718
95556148
65711116
439247
5342641
2544018
28232061
15233977
34796993
18022242
17196045
652623
15486602
1676664
76410382
10016665
9346933
15428942
6285172
602873
83114
46402037
12962907
2216715
845906
1570401
5563861
1787614
3874809
26289540
77986631
21956171
1234668
23104328
50560416
14194447
7642990
77529468
3195999
6053292
7332428
1601896
49771140
13675161
80027481
8496378
224309463
1243781
8496472
6109395
8015656
16415980
32384675
201509804
31522631
84507697
842786
420195
25960308
1555766
4587110
9840146
141594
9630045
10455548
4747458
23488727
72863449
171308
72477366
35471221
8085096
19477096
2307697
22468
137340231
12683135
28406459
556167
2212736
768522
3859273
26178
147041901
8971732
10372621
20250128
358942
6840003
62720840
12879463
7843390
4865800
4376561
2612539
8376785
4886887
77309427
18857483
16667295
1171818
7461431
14089994
25364777
9348139
5198763
1297516
6210136
11187254
998561
8518242
1402257
659675
647415
7004951
2367821
3576390
292441
142954729
8533331
10937511
9419494
12943028
78772937
971727
28537951
2404614
113760896
18665330
1987386
6829758
23983471
3522052
12962195
2946271
16407292
934489
4932131
4588262
1496540
420646
28797205
33385458
18257122
1664790
955349
10377637
2854926
308829158
37688726
143440
105367081
3305927
1445200
10384981
19368948
39435650
43214547
33971743
5935024
127940023
20922047
25448522
13083244
38148400
32381953
10326556
4292798
7632619
6154433
52737320
234159
161243
10449466
2426557
20182225
15330876
6292674
6886490
4788450
22953761
8620722
2285089
4330271
3309916
874721
30065042
79385398
117267721
41139196
1593102
4769054
2904876
6427325
29666218
3444308
3791159
5945569
9779762
9361147
4007348
16993435
53436
40022368
4107184
10254163
2525115
53492849
14994072
5193234
751588
4905752
26844655
331824987
7416255
71071831
5001386
6763262
7001375
9647053
1658348
123126
201589497
60915069
5187137
77209264
45623950
5431
22094106
6606071
7664791
7933484
18496262
2617261
10904826
20915738
4055515
1925398
3270128
11969259
14468947
7053439
6011086
2474492
1466446
8486
7564140
1233305
204020057
6154390
1129928
155354
11768097
37114095
31760553
22370525
9331346
21593471
1270447
44624200
1905138
10715304
2715680
8538747
4080881
26032267
11872154
1569242
72128893
1008397
11203574
4711567
23358000
7333959
23480958
5634045
300636381
56216255
61049137
8742343
21991889
16713997
8304893
13456641
9833255
8437203
2739498
16331201
202749827
16086858
749562
12409227
6264821
18750458
6928873
7493635
18047621
7904728
29235029
210185068
629031
9646133
8395500
31998138
53957818
2371042
80073891
11821901
4598267
176405074
3296854
18517990
14476824
320435284
294489123
11368001
193762
676067
1494869
14881431
4949881
3941612
13253656
1497957
5024807
359769
1550077
3725685
49867343
6679425
70080574
1790146
161439
3377141
28151664
83105122
82280622
44226424
1242838
94953448
2083368
784102
597401
9817033
161740824
3505949
350299
262060247
36775942
473967
7178112
2406916
9294881
1441271
2569281
8879567
28433551
11202328
28204976
67270598
6113144
17783258
5411089
3013742
10381863
7632434
756504
3426385
56373547
6578820
17254173
22389047
7230831
4900199
62721
1813529
9036
644074
860119
23388509
60594658
80515629
25765988
6673521
5502496
919684
10136331
3847552
1398242
16778248
8208959
131947283
4884484
4149904
4209421
3445890
37126774
21175765
45016770
5587741
18450386
2627584
975019
19752853
33573562
17238207
193141
2817781
123873456
27753533
4350049
280915
1455714
1404999
7633031
106649082
756557
3214266
1257122
7791537
565905
11636171
105249535
4490330
41574396
11294260
17792117
2426199
955215
1434723
21060476
39710479
8493513
24219097
16756479
18926038
6665399
129894768
12442340
6197352
39228982
1412479
15343798
16892443
19868239
271907
18581014
14421920
21443511
402510297
13286365
6650034
28045783
27749179
98427754
1653419
4200576
28012622
10927141
15584422
5592988
82053494
3970096
36749574
22506601
12778625
73005095
59311488
62797904
157763817
12773242
197095213
6528302
9004751
2021077
54083933
2478148
844709
3489477
29647835
9243561
55029904
1518072
20423723
1777288
1511042
89946055
104092103
3027177
3213539
17507226
54063272
24149839
5594835
18358652
7452250
3852344
6310442
7391075
11873588
4630261
28205245
835792
37505037
111465221
82754
54621079
58916305
2358703
2180702
2016157
66362649
3738662
7055743
412959
42664366
2691026
126283591
2642203
15100929
2574443
8163932
74297527
18854034
48142382
21555226
17922245
153485541
9487588
22018886
2022050
1252897
11734696
14895796
4780352
762458
1845481
21223554
25767183
46568918
124596078
127607370
644214
26210917
29971111
3886180
32447884
20609900
19408
9664637
39461036
565397
56127256
944735
3392412
2419025
4062285
3056447
174670889
50123
1011211
2603099
123044854
3365159
14685785
12166039
2678461
34795711
6202801
16641176
4112646
55988794
27221898
2551873
299722
1728961
39409182
12535345
3202880
6653144
103311823
766464
154331246
2089132
7958973
106517600
6984978
37654380
242281
2449487756
10679891
20135151
16053681
141281340
27927989
4814748
36164775
4579824
30960122
4441504
12599387
14277610
57667620
22067388
25821603
167119542
4212761
188346
283756181
91869581
32829
10291147
9510049
6976280
3241742
19429277
50440446
13176689
299764
860510
10618778
1014686
25842289
37163542
3443157
7283241
8726432
14638969
11084184
49602335
3828733
3653370
11230
1032026
8627438
15147565
86365
55602164
4866616
2747984
2531036
5280252
7706167
3211393
29241257
6069134
4836855
7706927
266905
3935669
11065595
2033021
113675921
8562348
9941430
8961420
659851
4358549
39701063
9851930
17605168
114892196
48340796
25218368
8953608
14591401
2264918
11231795
8961979
1259681
9888567
29714474
162100715
1235584
6496884
11156692
1891141
6238383
87509095
14961815
31048750
4260642
1912756
8527783
64745028
6976554
61457431
8859751
19314747
18249093
14631509
1626178
8798024
40050
35546708
3113416
80877557
3010433
28934267
674452
4335394
5074277
6251800
7748653
15125269
79833549
12055020
17515456
11404663
5084483
13169576
38091296
9683460
5674182
4542944
42399383
1685269
23928430
6236151
4236470
62458908
9009859
10895780
2169787
2897154
2747985
36622253
1202956
29108377
7859652
140684609
28089415
36021303
2079920
9153149
5201646
727706
223872537
1493817
25467636
29078963
25536277
183604421
12713834
2691932
12867902
63769200
1367320
58864925
2178345
40605599
11184639
149942119
3257527
4363806
19868549
226242361
19518297
84132603
161133
34223974
3544856
46712162
9170008
6872694
10015248
6153477
19421083
35370876
35898040
3228630
11389593
320356
261697
5897018
20015859
3179000
35818312
19378196
10375130
7601066
592077212
3807138
4018675
6144052
93640
3796598
26475244
1158997
60321015
4713099
4264276
1210699
28652181
709171357
40290345
7030302
49356643
931271764
552889
6516090
2211659
15256229
55369485
3192530
11245928
722269
6030371
14034707
28869577
9180135
43536818
737827
7807878
86665549
7620467
3618950
380450
9180289
15019290
36656562
136747566
30834028
15499235
23569755
26438343
125449681
14759897
185962985
781046
597922
63012862
6039011
5054367
11498214
11876539
6518505
9654718
100901697
17976354
10621977
18579311
36274263
10279997
1839886
12003724
888987
13444940
29099258
28193512
12422358
29310835
23015627
64727428
4301476
67568823
10557922
8229754
332461
10146341
3486968
6897463
2665309
5641619
20955445
7097993
20882781
13859002
2531104
309979
3414934
11690982
62957650
42291999
7908493
12084457
45602709
562323839
108627749
84587184
22368344
11846338
24296499
123322194
11826026
3738520
14233464
8602104
15564326
139694
1773681
1064678
11622392
13253354
23122591
4965071
6920389
1927037
8071965
5861085
83941066
4959555
1422353
11581161
6643659
345254618
1103237528
35391106
28326779
4578757
1284347
6893019
10572037
20340637
26242153
22659479
2523730
3649341
2650492
9410460
19534355
8378299
11002482
13116133
17137198
62395302
8680550
34541840
181164
11018524
2233922
3756952
586467
2223825
29680568
9911721
1610355
20855384
6223830
20477549
4541765
35374156
57711337
6017329
39274535
8502319
16938022
22689849
15188718
53762
20961
28412073
34023774
11167037
41564956
35631287
3687212
27684381
3055237
4195874
3642264
269426355
15230677
584515
22435825
22961990
3726476
4488109
1096661
15859247
6241556
2594782
8390751
6448613
6629301
12990563
68563
20021910
25302367
108369802
5337608
2075387
6442330
14954451
20896779
27496711
35459536
2232460
64257820
11319538
157982240
39258196
7164426
4512178
137386637
14476341
70014519
52456774
141389155
5745235
15756278
36137002
11061120
109015448
643456
8677636
1645263
3015699
628486
62870
115308281
34476285
15855200
69902615
14032806
127398840
60767441
14807362
690536470
52560584
7413508
50725510
14713345
9500803
37418884
21879427
11300507
13645023
92759847
6807092
2947736
14818069
23118515
11326922
11718767
24926114
3503968
78936280
15892999
91878
18974876
836434
9485783
8403275
1968900
11504764
113938683
6282333
7818923
109872364
11568362
31097
1357810
2702942
11106794
1777091
109993520
4982888
889894
4514052
79720945
1126999
2072216
2196872
8537745
8447348
5701049
191758703
703794129
30035284
8943591
33402262
3227519
44026430
1690753
4277746
39221430
12072151
18057643
8993701
1544656
60804383
2450472
3286346
12145614
13026978
6204128
3859039
4632045
72881246
2811648
20018226
29223224
10322467
1650427
42969
5215406
655950
21391142
1061249
142835119
182075
22119536
33385601
6100538
3537317
162567732
41370276
82223692
1705916
7417134
6410869
40243017
6808923
29417506
6972101
5987571
72813381
10189675
806231
3545446
61747026
121420136
1541340
6056542
16996415
45072
6611581
13608793
6801023
569306
14821306
8124219
11515572
13251045
12904315
14037369
28057682
13152494
8432621
12170525
44543761
3310885
8898995
3883843
70752511
12831244
15905560
28448025
2425530
2539393
20898824
27133431
153585
1658996
7298015
116900428
14333965
5768867
2078366
62145
6716308
956781
16194198
278986
44226375
657791146
10809375
64007567
14815709
5177227
7892057
23466553
138176900
390265
11084753
24101052
3471998
7249678
8099867
37650341
87172319
14834
4896045
1966899
9733324
6516033
5617795
20888520
2649211
8717300
7700260
720586313
291730
8185885
9358795
1068730
163187364
6841750
48982594
8913124
10611312
17814231
5366850
14799057
903873
27534036
60255098
63881628
12522074
32295975
171989076
571447
4024129
8736214
14912294
5776642
22472
9534692
51823666
13571011
125691229
68321
101929031
349160
38320019
61322550
39811165
23390603
3414583
9169681
12236186
972752
90707904
1363953
466377
8602175
114683386
30414842
98434463
115007801
73854221
31584115
243148813
782981185
11586438
3280482
17765177
7081582
8001821
70659210
14463724
16518222
16711789
6811829
5667813
16742326
466462
429078
358346
3456583
3466824
3223546
2598315
36370906
5381665
1057193
92086320
7711105
27762568
98301250
63652549
86340662
1087482
40108398
5445632
6355497
4522897
8702514
7350588
5391221
923305
552601
51827741
130609302
48508996
73186397
1581448
16318969
61665752
230077756
6427238
1895916
3389233
12522347
7820178
3624301
87382
909393
56659014
61117346
1466482
7016551
879205
46646863
12001939
9043355
3108803
8819451
2740782
30090449
341254871
2695657
50491506
11937806
31545
2524973
4768087
8923091
18342156
6752047
38976359
31996424
1611172
37925941
5167827
68576736
35229257
13050430
6972124
522427
54679325
7182092
563085
1320007
8252583
25767176
6218737
3839581
9560109
15383651
4523608
151051980
2878868
6748140
179150903
20142779
92043221
479747
18126157
4132093
8033225
3905198
49814620
7055284
4527897
12929041
6700504
7835277
1276572
3496541
1838256
4976295
51513172
12496953
15693934
541589423
22445216
3826429
209026180
8031207
4322759
826824
739543
2741695
4953632
7933490
45879815
4750690
34647820
24030072
45165632
372400
8872272
11248046
79063390
20175601
3387050
2351359
20707114
46612468
2181821
2507801
74531418
2855119
101378646
6170737
507044
43542251
26289308
18353760
2535421
54252741
2144241
59826586
53267957
5627551
3325505
41913747
26977054
26673296
20607138
5653101
1347358
55242931
29438373
43825659
13822898
164719732
1841916
5237167
1773070
2362236
119555982
400914422
4029715
115242363
14204714
31979765
11827273
3530491
246436818
3627
2793257
5779886
226961381
51949312
29310879
9675997
10782919
40302842
7270810
19739
448297
10760093
195918
3156112
31710757
43288137
12351043
25544710
671247
21628585
25956482
10727288
68556034
79784068
954526
93730340
3887074
2709016
11540183
7462490
3409481
151383857
8521846
22010786
1784432
131841002
12399500
59351912
867000
5148261
33819152
361638
410890
5226067
38713056
2666159
24414367
14136916
35981993
4670036
9887738
1752275
20399166
744030
11365843
9255507
2528924
9744716
6298678
5600809
103415021
5256113
3014872
3753737
5378360
1770940
1164473
3767364
61020735
7117513
9945071
143861674
12281549
826114
10034783
2109253
31383199
8670599
17736308
1945397
41306
3170125
12815079
9516212
2245468
9086566
7229812
105689163
1638292
18455341
14461811
3817013
4431664
89167455
3199251
9251160
5324337
1996448
201527082
4017843
21150293
11035093
16398619
104915392
15030130
148494690
212420
6990960
2144999
3457199
8103282
15252748
46389533
52674771
7836329
96399426
25306936
52441227
20107612
2895720
20826723
918321
3465627
13066387
39520124
14248892
4996644
6204235
4975481
223592824
12037212
10938566
1208710
30585175
8424215
7480705
7495613
26200817
19813574
12716934
15656397
13313969
137035874
7038605
7446453
4764572
15085032
19680129
33769656
3463251
28487826
136371407
16229805
6210755
13788033
13460398
30606602
36483445
1274464
266729033
6879140
244471
53434686
19414704
6562244
841002
8257117
90658964
179348893
3400600
4137746
707773
1726499
541674
26009658
137602694
27192593
40508158
10196604
16749923
10153892
161425
44547768
16569214
13351289
3129473
17357159
14443207
76004244
5219811
20312351
17204107
2441833
36424299
3290372
4420047
2424685
719560
10465658
7169802
8954025
3763591
10601346
299104
23065383
14940356
954011
50711479
9338862
8509770
2199124
11781393
93951523
74214867
8540275
1251219
397397
3077797
134406045
4406891
43073143
145120995
19031984
5341664
409971
5805303
21752535
14109078
482408
39328913
2130775
13486108
89238555
11444253
52213098
43358554
8267770
6684640
5905227
700455
1560010
17704925
3510143
2665935
72040182
1014640
3982560
4885094
87700900
47242132
3259573
115827
1962909
12585939
3250256
70389186
3017921
11459655
28370177
12950950
3028270
252226
2816799
12271498
18287573
9794133
32686659
16603066
4401080
61627046
544693
55793506
46278235
40702177
22503849
25723088
7228568
26221797
57659438
6258571
98415441
46614468
4920597
1721
8716644
6256233
15394640
7553549
54419
6706863
3472507
3615896
8227342
6810718
11576065
532177504
10722209
279653112
20254221
5384416
7797126
11725018
16192102
74987199
4677017
670204
67161438
22627611
86766356
355962
1020307
17552
13939044
4539938
30100429
6187709
2468875
42417534
14696563
1406915
2659099
3949470
41993603
7006518
23760041
7980216
64883577
6702078
6257201
12806408
9819305
75200766
19231591
35696
1601781
1645875
7439744
30225237
14937274
25354794
3140816
29938
40265010
81693215
112666842
119676038
685540
6067589
2150181
77013
5117264
15050925
45520795
553635
15403464
6463385
756786
4670996
64429597
238875435
102364612
14365952
270894
609114
82988
17320628
5733960
4538929
4890544
127073603
80012752
23569
436685
9056168
6506972
4844068
34619019
1249257
4422202
66181049
49989
39716174
47173532
99079394
30246382
166763
11453159
17129972
4006330
18051692
15305926
135599378
4224817
35684937
15819478
65616
53539433
7624137
5312738
12823
3600565
103895
2979673
10758074
19827627
15808840
103352
5994009
3420486
802850
32870232
2544546
12107799
988598
5375710
1634460
18765383
25752892
1466944
18996502
45563572
60024640
15205653
15644743
3227490
49444831
58252436
4498520
74176689
1805936
58941144
99738727
957606
40722151
10662264
12401682
3449630
5571975
14524540
1894624
1748011
16165539
34849476
277962097
12474307
6613804
16458897
1453178
21414471
41122430
1494105
49056148
2822191
89942353
8436504
5005548
8573
1755534
11818142
126904933
27409
63297776
8579573
12752965
624275
12109989
36065572
20183937
1128793
32221047
89336
8853310
469699
2459416
36220901
26556008
50519097
4435398
998636
123802305
36124180
32989456
5562862
1623754
6507994
15168717
53685616
14321200
1395732
16589185
2112885
40095222
28273718
20666671
32696502
622508
114189280
3006989
20164640
1279353
99759387
3227195
4738091
145167044
23910012
2630877
30630541
3120745
15620584
6089157
26057367
19826276
2244725
6563211
2856719
204863
29362979
4464503
1535553
209534
10285556
13634000
13928880
45776993
6984329
13689419
21679986
29834578
21016067
349592
42468970
7766046
8146618
5619099
562203
53865439
632585
51103094
11720683
14737026
380802
24513254
17311960
1119835
583375
12592213
14213569
9367453
33921386
8834
7514512
1981935
892776
24283198
2879726
20941847
88256707
4203215
8130939
52581490
54257275
12881460
482113
35805909
5181710
2954084
1246821
4356290
3949119
43692929
36806742
131660795
1202773
39319939
22497830
359008
2573258
55304585
8001343
11573173
2511710
1179577
3888007
9791112
72383715
205933
3345219
898380
18396122
7749445
22080612
17577109
291226270
1204066
34041416
65170031
142894474
32217804
1335702
12616263
414982
1945425
48137551
42621152
7365867
140914933
33828681
39106179
50403163
8917777
14699642
67731353
8456365
697511
4657058
886891
5308989
14726538
10281444
21049586
3527107
7107141
53555479
30059067
37842211
24831116
412573
3599818
5148959
3023244
15731793
9227154
786949536
18568555
3961959
54210685
6936897
813824
988613281
31464111
14543256
6840227
523332
66747787
5261163
3876849
54035154
5678645
33384032
165061470
614756
494747
3992363
1032050
18085771
2434957
8254797
3691521
7126951
14087023
100721
17237526
96453565
8796742
61046276
1073205
19184319
213829630
12474176
145001667
644399
7261729
62790665
93788
4174737
161903234
52622801
45319994
18209491
8978376
330940568
132348447
14298537
9932358
16343715
324636
127685813
35972094
8941867
5570405
632663
56003912
6201440
18454136
39336
59327690
9005644
49076307
8226388
3706576
6800288
20130589
11153712
25550
11120032
22783782
3757972
85990410
1062787
9401905
514496
20006244
20897551
31293494
22966655
593625
4001131
33098982
60546636
22427513
93550664
129155179
7776640
379827
52960372
21279696
91587804
19255794
75090853
9346387
114056788
25159395
991740
88810
18495957
541824
857148
9185262
97038845
7722198
1208647
33563515
1439932
30636644
2234327
4300058
29314769
10824306
10162598
24975974
20401654
4566957
7648934
3963655
1638786
3608760
146270741
238300341
1616465
2037037
6248585
8192271
3153265
37851345
5394524
4660723
1943460
8354455
45724840
14395413
40818522
27660887
4857116
5958943
42011019
7662091
2639920
14346684
1481172
239296107
13372112
12244376
1054944
20473882
32187182
9886806
99681502
843157
9588290
14945680
51649437
6093905
836730
55597930
2851607
1020616
4739274
2842438
47733697
15249448
12198892
33910703
1322095
15856168
17341834
122412
4010230
10938641
26309293
23176161
10276565
10550304
9376884
20043036
5070843
2585504
33918110
4336531
1917868
43921450
42694353
25574911
1542186
84685020
157565
16731005
28749023
5076191
21997644
9569178
2575225
174943
398347
4043910
14844372
110610957
686559
311392
11955303
66529499
16104744
74699357
9530515
15955699
213470821
4913721
8459042
100994707
3430931
42799
19693382
21763291
15869079
24656620
24007315
33654554
8561115
2887707
5289192
3973563
26026378
12885241
823235
5740738
2020478
22970517
13783064
2421139
4964461
4386876
17330321
31352433
10925447
27290461
1005140
75396072
54494885
23265276
20663
396893
10962942
19362783
67107338
38901345
7724269
40358379
149545742
488820
50894420
2549814
2659041
5618766
3142806
8655497
3912485
4686506
107208103
6008623
117846283
5293243
2122323
2862511
9341998
80084
41714668
54141275
17426909
5857750
2515207
34558221
748420
4824985
6907773
2435549
16013092
2508789
3540886
5990322
24186194
13448002
17153687
1214819
9557595
62904034
12209794
4899490
3824307
8533843
2105921
9873993
3819249
24052979
106102056
6144823
12960176
9427858
40311912
11821369
28459599
8216707
1007975
10253504
2828217
38526237
36144626
4060731
22386225
2693148
2075000
4590997
56701
2871509
2288048
41334419
9964314
13169151
19301983
430475076
30572544
2928654
28084389
4480325
21156842
9861515
13031417
28018224
20221500
57882412
16350073
4778749
13992808
9556730
18095687
7028785
2773671
27815383
2817326
3321030
4992783
51680715
139300219
80732
6749562
56510141
101217762
3825161
29237926
84437433
5485715
2859962
92316945
2324273
36042530
18998810
2210627
12255638
99690
4262441
14592244
125083345
64168483
84687137
29511770
2013322
15272433
13563251
7174396
14566253
5189088
85078598
9817588
44041162
597762669
4007465
43004632
10617179
3204338
72000631
30522356
56977353
15528715
11761057
108355737
46039584
5047657
3810327
54094733
3352983
41342934
31334888
13267208
5451703
14425305
26867386
38874712
141481172
9319738
4332170
609081
37331494
3332231
655421
19220812
4185150
17597848
22214731
22217974
4354955
10866731
1336724
47149518
11723442
1452211
18592317
2410559
49230027
12190494
4540173
47482407
26994026
5934757
8805050
19505276
69427732
729962
638045
37828126
35317607
12264443
11583880
14018529
11519120
28015558
16591121
4790121
7190991
2649866
349052240
61326212
75654772
18821797
906538
165023555
4356895
864987710
28474391
1379198
5904901
20166199
10864036
31788359
41872681
10662538
31760740
5707702
7655785
65524
65526541
6279467
36787583
2318271
14614292
28653747
4862059
147641492
15025653
7497964
61386226
2164315
6480513
5298997
11139858
137276413
41957
9280341
3382829
7766079
3623830
3676747
6811218
2499170
2703969
2928627
3875553
10865048
2776493
51152021
6627442
1935306
6583256
766039
155270510
100536293
465916
11622272
58026182
2357844
2539583
68422004
17060823
24551433
1155019
52240881
6303190
77867530
10137395
89421960
3042504
18640347
900771
31747162
27463409
3346989
5218359
22245866
11476160
75780760
3251471
3962074
5884212
27040489
78526
5850930
7464351
1599622
8149181
4211673
24620372
14177692
26084865
10999194
4842909
46642871
19411357
57885120
987476
62665665
48993745
2256397
33062
391699
13929110
65514731
7774792
732139
401213
2000923
7416653
14251924
1271276326
189787663
5909790
13130687
1927846
10857311
21388854
571298
3247609
5867881
53063979
6647978
54354803
4763763
29138026
4423939
6399264
22489409
4931558
22552965
16291705
34641860
2885197
90506022
15228119
5014600
32360557
5903940
4160752
502566
493710
23250796
4684133
15290603
16367690
5911575
7414091
6928547
36576555
7509729
5616907
414167
3245867
49739077
21638298
59432956
25884787
20506807
3060942
9428039
50655119
344160
9515894
2412419
1305912
4086460
15254984
60086914
9718198
164943259
55232786
1042390
131306174
26097336
52441078
37804
2907924
4648127
102022844
10045661
1968075
16258935
13574492
203858
1699378
63399253
8230119
1715965
17528279
1083069
15135833
8576741
26174061
3311956
156056577
13763289
12423972
4162817
1110604
2079505
32484600
13777237
395141
52723237
146474321
8607246
42510117
57884542
2827504
11081690
7840899
2230563
4116932
8287266
5697966
162153
19859
2397817
19144210
7267187
20184411
32275390
26076459
47490615
12600589
2163345
26369022
4305074
23331
9398391
6104908
32386116
3952545
41244349
1763534
18967181
20397943
29657239
14223745
21614205
525932
40935200
49474558
194811059
7835728
6929188
5732811
9486514
1422921
7789252
17877888
24818985
23878956
2439165
3310271
45274042
2338631
36038092
23349444
41705626
33170189
54442203
8749448
37384292
10075795
25184606
1967897
22155433
18750639
8679906
6495076
7789744
32421055
1591549
34108244
3972453
8404950
11873596
30556584
7610505
35842676
16141991
3491523
2796341
33127
2424216
143040143
4060467
8910729
3441503
5438283
63632102
764175312
216858
8088243
33143614
33962
38636861
14784570
56850569
5052816
12931303
32892478
5636408
496305
6014921
2725192
7723152
1139630
13459252
33066
8100029
1681571
31976005
2143455
1019693
77880
8257530
23392943
717159
3257991
12153444
52486893
4411932
6373879
33327796
4489752
27494672
2332123
15686141
6233563
33509856
39966849
17809671
31454
50149117
7635597
18749886
43893321
59980838
3059781
35080339
5557288
35618515
50088186
25319
15449982
448696
221732568
4575387
134306161
4892499
8169875
843461
13379281
8399886
10885324
3792165
25156982
23403116
10791318
7909909
24297587
14708778
24580774
18641423
3322964
26175960
44660435
18417121
51567100
3006298
4872837
2001304
168196426
3894271
47751563
13470978
11005387
40291262
6631095
2244913
115360118
54785665
1932384
996804
12222988
91727
22891901
16508916
22360937
7451650
6784588
3754904
13749928
7651989
2842834
10973365
11307851
3430414
11939016
35999922
4410324
44163042
6883595
18696788
2382188
6335675
1829471
3449092
118329289
221707
470649
74594708
2903280
924565
15103032
21379779
91423
5662533
17436270
16876666
5505855
118589217
26262581
33037682
17117273
3455333
34712846
10468879
6424561
24818400
7856134
10945462
164408146
23593970
5077567
23207019
4125483
139362542
8920207
34076847
74735426
37522682
103688541
43587643
7904485
6889917
6924053
9019544
1716266
11152483
4461755
7558755
23887723
55169340
2473590
50899941
307504
983864
3095832
1637735
101353049
18751246
11200323
9186502
70326022
37137239
7007621
16537345
4021419
110145885
388942
11338824
126192138
23564502
1873839
181672
11278952
92594962
66446688
1400009
430467
17459352
12773948
9367651
13465598
1531565
19542297
10109107
9494619
7367591
27237554
513907
29405957
88110081
155130796
822075
8083883
3796016
17278197
6292096
883942195
4549971
16349127
288050218
2093127
11570124
37070923
79415724
100463
3710446
7254647
1356319
1140714
11555974
19587652
5426058
13615400
963163831
93898
933600
1529909
15222
90994486
5305280
8927864
18539479
7203820
18022785
71085
11110985
8038595
4055033
20670120
2561101
817840
61448211
1645990
10054014
4214
881679
1067470
345828
439403
29536584
2275611
644915
11288778
44157059
25686432
5687011
51999
18173527
74486724
17288
31629560
1016784
37059824
119878414
56539901
12192136
62069058
1742696
39498447
45228853
8085685
878969
6555111
72269551
15959295
8799359
3610324
6061267
189463526
14238711
79144398
764223351
2361775
21208621
10321226
78628853
489259
28950106
8538752
8785191
8907190
246892683
26915997
179609320
36383531
238022410
43237965
21824
15286699
10996988
6649959
2796616
14771623
10050149
5567637
36350708
39586468
103573972
14929996
5838279
12485548
610565345
3510829
22337282
45304388
14119462
53211264
3331299
11989408
1811033
2941884
3356449
6727712
67461414
8505130
5669631
2667820
8167578
5863513
3288285
5765588
4030108
50868686
20515469
6310834
84880772
4080793
111072978
2436490
4420798
31907783
314802807
5920042
7252915
14160051
17679583
4498436
36250446
3656391
4860183
34990424
6290216
764335
12386362
15323628
12790183
2269430
16731960
2720147
3330272
82925833
3433627
57786284
8147751
76347963
8014271
24135603
15243648
3267465
37554322
177306
1292380
23916283
10315634
41890089
3362938
1358809
14785499
11657773
9091839
4465690
2717731
9076
1669935
8154902
38337457
8218889
45691388
11079945
20461190
1807613
5208627
37280
50697
3500389
98920671
53437015
2973298
72910457
4883828
57490988
2322766
35103231
5211142
6504149
2149557
33701
5270312
102364866
863864
2381816
5365037
7308788
24431896
58419121
5713892
31736877
20846940
763716
47371364
6861607
11859157
1501712
8959929
4993665
3289508
27686103
690123
83195982
1546203
102827466
2924296
50235524
11769701
47966996
10123210
2961572
5905272
2952755
5702804
17909939
46588782
35500698
20142195
8003599
4949522
1738730
20270712
139219
2899009
137474121
3643560
96594216
9635765
27309612
5768821
1383139
2582390
4757871
46533
5710065
39201336
74329473
3457409
13361218
4940078
2859206
946462
5195608
31969764
13734278
575132
93836027
977160
52506123
81298826
22997549
811
112128
22989800
3687202
14649533
41176
8829
2544929
5321521
5744596
5455
17522821
17092261
147024092
5014417
21772116
35417287
7150112
347569
1049409
3858971
1303250
143683027
1793511
61303008
56148128
25156939
10271164
21424270
43961661
2746745
99295833
110193526
2545767
9687745
5142711
3048363
10912430
126830156
13840323
3339959
43118826
36725647
3111016
12287881
253020990
43256087
133605783
7124553
129920872
4300870
4188298
15231014
3977905
12756730
10044161
173054811
37161427
608318
12073718
13401716
29548278
15166288
26219327
24275803
587
4738671
9086804
9466287
866873
3081393
213470
28416209
6404997
29218298
5420400
21257912
7792887
6920744
59687463
9430522
22112815
147263
7045240
41720654
15234378
3756148
2777765
9445746
22964915
18089273
10349349
14419101
75234
5087145
105491657
35357681
9168485
6063804
21970275
87427291
12756793
169284407
985037
146107232
97485758
2228774
8326875
84953936
12616649
14007175
3849999
28442248
1817365
185672
3913369
59062125
8937075
16259878
4349255
104577570
4185272
345538
15107376
20561377
25855123
34684270
278963
6675849
6085703
46260420
90749143
4714102
3341226
153899653
29120101
6145848
22362821
8891596
36343519
42933805
7588196
30832681
22329397
1145368
18639022
9217490
7495909
20163752
42171328
18962878
27106267
2182313
5914538
84880032
157491605
1963387
15987174
1941839
117164023
1044901
33077308
3010371
2929491
13474872
18646230
44364367
4974772
1956947
10203956
419145
28482218
9484596
5603770
13242388
64030402
95520114
18304425
11447126
7799092
3073234
6730030
229965
5620701
15936662
50740927
11612904
5170568
15624952
8594109
21704011
4859986
6549194
15659960
8684104
18461110
7955180
4858681
3700162
9711543
21333
41915328
8102977
217005
12688977
10321739
23197336
12636150
21098749
2796236
219470
957802
3116266
550681739
21359760
18419321
37194152
8658616
6748869
97615682
11296350
188222
57326694
10541083
12269322
17823988
7438931
2131751
14806416
23127806
72335894
10434481
74622591
8268101
1376670
3670715
3854278
30108057
44430558
34556255
101638985
3884693
83382133
32446264
9535981
21468260
7395945
38619771
96602819
3512252
57968064
676848
129696618
7197954
3855819
4989984
6861466
2796726
24061061
51968
5607252
35641099
29741031
139974
1817612
8597579
1312150
120341287
6683227
77303001
17358326
92728833
5689001
3736509
1101961
6103982
1494403
2088449
47877418
835762
13359253
31495415
2181984
4296237
250857
36702013
9282982
43566479
3980461
5756518
25181008
26753009
3285534
3339417
9361376
4532334
44065378
91520079
64880638
2997978
19759593
10453053
30175
383698
81410089
29790851
41125976
6222493
65977557
3059452
1000741
3754672
10601553
5722332
4300878
16488068
18942980
12005988
7663676
6012969
49115554
44974695
13351310
60684863
54303525
7317833
7855019
294472100
141268356
15910573
13990532
1616836
52305094
10245441
5362032
548339
87025826
69363684
11438947
84812085
1273873
34805800
48357652
4109075
70307106
5393269
9405287
36079676
10761431
3099292
243680
40870555
34696217
22946293
427859434
6429946
4646736
9131413
5979281
36310
1566222
27245710
2973444
59078395
32669644
279222
133424575
2301130
14987332
11717231
1881504
347862
19928703
13309
100852872
3333706
5495843
85651736
430211
6410912
26942693
3540982
2040981
7840810
100497618
12259763
11186872
42260162
7489825
40757888
2551173
59220541
5836
37968325
1319920
426547
1182927
15573946
47482790
11804875
48733882
146038862
25811062
72197913
27760994
4412636
9366827
3731196
5035148
20709388
7563481
12274612
5859
4582352
78677046
18710151
1122809
32707236
3664212
8680487
11553293
29567482
931005
59291470
149322132
4656853
29213462
22697921
4962309
4637973
70970468
13342865
15857554
2612233
20424458
9158259
4387166
61791426
12232609
24011971
36403
82045933
608410
120930001
2709469
53472264
192327
17863230
3532050
2327183
14202969
1399642
1308578
40392778
307620478
484493
6366301
319752
15548497
12034256
21402
83193351
10849549
67063883
4844002
18326657
6869909
240847
12545572
18611475
10165027
20853932
28108677
4174412
11713747
779763
35119661
134675330
8942654
25295553
62964216
4654893
6328455
23100759
7257375
467485
5224437
10118398
2092786
8665831
14376422
9958590
37971793
90723
18675107
3321437
3200021
12780063
14835674
33483238
4389366
14068782
12425294
34480652
15531286
3126841
22479313
12158867
5254910
58294779
639539
22045053
82020707
12868084
525545
1466251
2008296
136479
14361990
145075092
2007639
8738200
915697
2619822
102189
29240505
63010249
9456329
123847
52995957
26575297
7466381
35998596
35753564
20896924
202392728
52694859
5128002
29637907
59871455
10669198
20705197
3633869
24060242
2729514
12545688
2429163
9665733
4847945
872441
178045291
65385106
20623919
199598
34766571
3606301
7413937
5726091
51570398
13601534
151698910
280649344
4625681
1602742
697345
1127741
103873396
67643338
724141
3563987
881710
3492474
56647256
14057733
5267666
1427276
1122034
5179794
18204706
90381620
3625958
8072757
1146112
6324163
108752671
94341950
16828310
10910300
729724
86000286
11696628
9048
46517373
1886058
59098578
98002466
300591543
41669254
18724107
3603520
154593907
10949234
33155028
331207713
16355319
4966285
250727045
2618158
549269401
5911253
82868022
6346948
3604286
13460136
2633770
11198229
7041891
262691
3125637
246945501
2313526
33732474
52252596
94240159
3014803
3137440
13518340
3301170
42045635
112437275
55099199
4391585
34756390
135984774
127775016
12438669
63284566
28233450
1227899
33471964
1093390
36333938
9395835
12116543
7414895
56691630
1669196
21866773
721334
1151993
14904585
3923237
15289231
4502918
1319383639
21639564
23371592
5515700
1581708
13101331
125425218
63932490
5219712
58013678
120616258
1379409
13233966
160705
7829779
16697996
36262226
19085926
6325505
205752518
117322809
2500731
146476775
5623284
3019803
19516165
28780566
57625735
2089156
26660193
1935755
10789072
5536096
33168298
568376
21388794
4789614
853898
92063876
16872786
16631767
29788718
2132866
1962987
2115943
16740965
153853406
47530958
79013033
6293397
12277041
684868
988494
26001543
51023141
118325
9044417
14206000
3101957
13603863
6891005
49913632
7790197
263278
2036157
11922091
102894510
20178301
6945771
11365870
4515704
4409867
165046409
3687617
2709386
16915748
18761977
209542
7474519
10565206
2109408
116409809
3631852
960344
2994267
9450987
4530158
2441359
9283806
2087163
4427446
21481290
2544351
24109784
6059062
2495770
577357
1006016
34263880
73409247
58783840
5563620
25692
785702
13434764
200424
1439950
9769705
12221720
4025201
8421454
61126546
5464972
1167514
12488008
11578910
5216491
412744
2667137
6759535
11075
10126117
961868
3365979
8587974
41247045
32124751
46435037
1509031
84781407
1466283
3545934
9922686
12372370
798188
286383115
50802
26011318
10741346
38155857
2644715
15706810
6281523
1099123
1879756
1933444
9225147
1445521
100558346
33520485
2575176
5337627
3667392
17443493
3805
4807233
21782621
19553994
39273551
839756
8096563
27180509
33962474
99998
651937
36211054
14779156
3337360
6453163
2946386
2757236
57767568
2301793
34515360
2683193
20733125
3252526
1081362
12618375
6805411
2403162
36075365
40501075
41988636
2985743
61109168
8878102
14326260
5280342
4138794
101541461
12198560
24838044
4664838
1128123
6786440
2854026
3847550
2678812
1710879
2209598
28443233
16728718
135900
63640707
29712375
46649334
11133660
6349259
10456956
3540092
5331216
5924394
28640835
17089858
85047636
3560824
95218280
3406317
10383674
6110617
7517410
29463498
3240142
20729999
1096143
14601099
31333574
33105966
13581529
31523207
7327223
91967032
48666328
101733674
13074695
8511428
2633504
45305364
9771333
813340
1373893
15535167
43577628
11177499
14572299
1588605
5111597
4182698
2059236
19186746
7039862
9627310
95630560
173820
79087627
4584219
16427934
595554
5769615
7369372
24302
9729188
39682050
46668862
455562
3033744
73320
143818472
6152872
10238324
7742298
541122
10710965
3933642
3636280
371424601
4323895
15456914
11159011
17260268
13385177
974689
59962212
3860925
9869119
53900861
95538714
57034315
762424
8535835
4009709
27236777
4532327
48538316
90646474
48689761
88736878
38481418
39588405
33256055
103693535
232150
5859037
7469349
23332185
1021423
18683577
101046334
502766
9796256
13190106
2998705
15816640
13335502
143779815
5321513
33335324
3244544
27294898
111517524
48023666
13475344
19217641
582683
830896
21902975
35246395
21026877
6472807
10457674
3763501
5589223
118870262
3093457
15260532
4328463
184379506
4085331
4793231
8001890
150570900
90167216
53310046
2604275
20022359
29217515
11191865
50757712
11558964
88216955
25309250
2651111
3487073
7331164
78141427
2512666
6272281
18503365
11110394
96464
5165852
996393522
17707693
1575267
5524791
3482878
37088416
949453
2309970
11820911
104237411
21967355
508067
4767935
2256847
5800655
58128903
83710356
20980831
187173
6465355
217908
1423029
10368972
8651770
3179080
1549335
697187
29341390
2489266
5205342
358551
969910
43236154
852947
61616036
2741008
23146177
30058490
7653442
18912478
104322934
3603798
9669091
1737613
28131
21613411
9761680
9434316
4372197
7552025
1423426
3640738
7403495
1078100
54041887
10952471
3441964
4351528
4312360
7045058
38635596
26023277
4783578
6895214
505770
55791502
511060
57540941
5598269
43208864
8357314
2003960
10927433
41126067
47765627
41624113
36955204
2312734
182499042
6944184
24832444
84904
16140909
11645347
5715141
12707701
133413205
47502950
4956687
55282106
6921052
13725762
4925780
42749702
30702652
12818835
454776
2051865
5899380
11528011
149847974
14496532
221197
17764165
23480
59836655
137271
8290748
45345134
273984276
30428575
38841768
438323
74523866
1497279
52204065
50373946
58350851
220475892
13299902
508365
7189270
11217117
2638176
1959425
26542134
9547650
1812265
51735545
22360618
8909349
360684
237043973
15267868
61672351
9376778
39384173
16479216
4505564
18082627
802417
23243229
7768703
438277
305990
7174462
8581456
6063226
669044
36925155
3865838
3283184
328263
1883640
20416719
17225091
3768932
12077241
77078501
34231129
28053788
8037037
2946626
32613598
1795190
173922405
56133794
2552324
2431298
3827559
22882215
2134735
10964723
77868603
3035987
2856805
8063949
13322551
122444
5036422
9700710
47439584
16946225
66389
9526848
9645267
10943155
40351970
38851695
25089481
9383987
689519
2673860
11573417
2906659
7926321
2736490
1917566
1739240
56738965
14706379
1781679
7340895
25719241
7602821
72830324
133352488
48553361
14798083
2192516
19583369
5639877
3089382
2529140
618014004
1606340
12991756
2482
559652
1603179
61076505
26593079
7269287
9578864
25203287
6782765
10446052
47115441
1198402
5150159
10143733
2383596
17218352
14532043
27194094
36551411
8394271
7467841
35971914
10941752
15051725
68931977
31258691
299695356
59576218
11471610
35516484
15733548
48019477
68299279
17168866
5380637
63587292
9193125
6666205
636154
143678753
62166666
15144765
1039537
25308942
75456281
1517465
923085
20382413
10576983
34396362
143776701
14663487
31087591
2788320
10593428
73929705
52668934
8754341
2054899
34233791
4750886
3067446
4329671
15186347
175545269
235478
588065
30364435
12762236
42025238
6991880
474205
22899934
32979093
91901772
2760873
2246157
3218745
33604379
6681190
6761531
66548949
7918166
5224735
4232436
2637061
5846043
13053358
12644442
260083345
4442639
4718185
51030369
58301
1676437
4189435
10751309
1846651
62916
4335319
5724381
25601
2624898
25013854
8389246
7684312
86213642
7977518
8089347
134296833
42779722
97735571
2848457
75622971
99393286
50364359
4036778
95045360
845286
8507515
6117199
18888759
347962
3902483
6530501
21602434
5989333
20811800
44645426
7995847
6405359
2552248
12218636
13378044
52564585
159508710
7900330
25541618
6859087
2918683
5003231
6814685
5858620
45133430
300603
17335515
7253971
1421080
11262396
20546700
8664748
2052172
5357441
10778497
5208447
1821816
9256523
20019843
10617726
17323061
23779169
12355282
51052253
1209347
5912862
5272576
43958492
37247
